time	V(vout)
0.000000000000000e+000	9.838554e-006
6.080000000000000e-002	9.838558e-006
6.080000660068825e-002	1.058959e-005
6.080000946051054e-002	1.145183e-005
6.080001329904043e-002	1.362527e-005
6.080001753199497e-002	1.755117e-005
6.080002241918515e-002	2.469205e-005
6.080002937473900e-002	3.957010e-005
6.080003628779147e-002	5.971407e-005
6.080004280689030e-002	8.417926e-005
6.080005035497372e-002	1.184549e-004
6.080005788405260e-002	1.581233e-004
6.080006795619714e-002	2.174753e-004
6.080007973680506e-002	2.914618e-004
6.080009623021754e-002	3.945169e-004
6.080011769178974e-002	5.152760e-004
6.080014017169572e-002	6.136892e-004
6.080016814820324e-002	6.901851e-004
6.080020311489041e-002	7.319109e-004
6.080024162546819e-002	7.374228e-004
6.080028243183752e-002	7.256531e-004
6.080032044350900e-002	7.153051e-004
6.080037205158093e-002	7.093740e-004
6.080043854171082e-002	7.086783e-004
6.080051857936612e-002	7.098386e-004
6.080061974904020e-002	7.106749e-004
6.080075705152905e-002	7.118033e-004
6.080084116044492e-002	7.130691e-004
6.080100000000000e-002	7.162623e-004
6.080100851322597e-002	7.156385e-004
6.080101702645193e-002	7.077458e-004
6.080102553967789e-002	6.925840e-004
6.080103405290385e-002	6.701533e-004
6.080104256612982e-002	6.404535e-004
6.080105107935578e-002	6.034848e-004
6.080105959258175e-002	5.592471e-004
6.080107510288432e-002	4.679473e-004
6.080109171678524e-002	3.643759e-004
6.080111230771732e-002	2.405399e-004
6.080112238111213e-002	1.860930e-004
6.080113176394701e-002	1.427561e-004
6.080114389697428e-002	9.583691e-005
6.080115512826288e-002	6.138902e-005
6.080116828604118e-002	3.159101e-005
6.080119625408119e-002	-8.039522e-007
6.080121786611880e-002	-1.381128e-007
6.080123947815642e-002	1.711844e-006
6.080126109019403e-002	4.745919e-006
6.080128270223164e-002	8.964111e-006
6.080130431426925e-002	1.436642e-005
6.080132592630687e-002	2.095285e-005
6.080134753834448e-002	2.872339e-005
6.080162227798956e-002	4.692670e-005
6.080189701763464e-002	7.122213e-005
6.080217175727973e-002	1.016097e-004
6.080244649692482e-002	1.380894e-004
6.080272123656990e-002	1.806612e-004
6.080299597621498e-002	2.293251e-004
6.080327071586007e-002	2.840812e-004
6.080447054550706e-002	6.009251e-004
6.080687020480105e-002	1.604715e-003
6.081147188773634e-002	4.790753e-003
6.082002134075071e-002	1.419560e-002
6.083122404787528e-002	3.245737e-002
6.084563229621540e-002	6.501034e-002
6.086567126505790e-002	1.232952e-001
6.089112027555350e-002	2.123485e-001
6.092402824760738e-002	3.415447e-001
6.095984132898257e-002	4.883049e-001
6.099834099113024e-002	6.424739e-001
6.103712585860233e-002	7.855803e-001
6.107630545863240e-002	9.128494e-001
6.111231472287760e-002	1.012031e+000
6.114906515123553e-002	1.093303e+000
6.120256652126736e-002	1.178459e+000
6.128911598374373e-002	1.259878e+000
6.139314994201225e-002	1.298380e+000
6.149440241473956e-002	1.295404e+000
6.161598515499504e-002	1.268451e+000
6.172833355465938e-002	1.238615e+000
6.187869669539236e-002	1.201824e+000
6.205791506265613e-002	1.165900e+000
6.239530499410437e-002	1.113195e+000
6.289088337649874e-002	1.055904e+000
6.341263419094230e-002	1.020345e+000
6.399857169094229e-002	1.010877e+000
6.453095858101475e-002	1.029101e+000
6.511689608101474e-002	1.075106e+000
6.570283358101474e-002	1.140957e+000
6.628877108101473e-002	1.220061e+000
6.687470858101473e-002	1.304806e+000
6.746064608101472e-002	1.387872e+000
6.804658358101472e-002	1.462780e+000
6.863252108101471e-002	1.524338e+000
6.921845858101471e-002	1.568920e+000
6.980439608101470e-002	1.594612e+000
7.039033358101469e-002	1.601196e+000
7.097627108101469e-002	1.590001e+000
7.156220858101468e-002	1.563649e+000
7.214814608101468e-002	1.525791e+000
7.270312752223607e-002	1.482936e+000
7.324586431154610e-002	1.438041e+000
7.383180181154610e-002	1.390342e+000
7.441773931154609e-002	1.347013e+000
7.500367681154609e-002	1.311072e+000
7.558961431154608e-002	1.284674e+000
7.617555181154607e-002	1.269002e+000
7.676148931154607e-002	1.264266e+000
7.734742681154606e-002	1.269784e+000
7.793336431154606e-002	1.284117e+000
7.851930181154605e-002	1.305264e+000
7.910523931154605e-002	1.330873e+000
7.969117681154604e-002	1.358463e+000
8.027711431154604e-002	1.385636e+000
8.086305181154603e-002	1.410261e+000
8.144898931154603e-002	1.430617e+000
8.203492681154602e-002	1.445491e+000
8.262086431154601e-002	1.454227e+000
8.320680181154601e-002	1.456724e+000
8.379273931154600e-002	1.453387e+000
8.437867681154600e-002	1.445050e+000
8.496461431154599e-002	1.432866e+000
8.555055181154599e-002	1.418180e+000
8.613648931154598e-002	1.402412e+000
8.672242681154598e-002	1.386926e+000
8.730836431154597e-002	1.372932e+000
8.789430181154596e-002	1.361405e+000
8.848023931154596e-002	1.353026e+000
8.906617681154595e-002	1.348159e+000
8.965211431154595e-002	1.346851e+000
9.023805181154594e-002	1.348863e+000
9.082398931154594e-002	1.353709e+000
9.140992681154593e-002	1.360729e+000
9.199586431154593e-002	1.369148e+000
9.258180181154592e-002	1.378160e+000
9.316773931154591e-002	1.386984e+000
9.375367681154591e-002	1.394936e+000
9.433961431154590e-002	1.401463e+000
9.492555181154590e-002	1.406182e+000
9.551148931154589e-002	1.408892e+000
9.609742681154589e-002	1.409571e+000
9.668336431154588e-002	1.408362e+000
9.726930181154588e-002	1.405546e+000
9.785523931154587e-002	1.401503e+000
9.844117681154586e-002	1.396676e+000
9.902711431154586e-002	1.391527e+000
9.961305181154585e-002	1.386499e+000
1.001989893115459e-001	1.381981e+000
1.007849268115458e-001	1.378286e+000
1.013708643115458e-001	1.375629e+000
1.019568018115458e-001	1.374121e+000
1.025427393115458e-001	1.373772e+000
1.031286768115458e-001	1.374496e+000
1.037146143115458e-001	1.376132e+000
1.043005518115458e-001	1.378460e+000
1.048864893115458e-001	1.381227e+000
1.054724268115458e-001	1.384169e+000
1.060583643115458e-001	1.387033e+000
1.066443018115458e-001	1.389600e+000
1.072302393115458e-001	1.391691e+000
1.078161768115458e-001	1.393187e+000
1.089880518115458e-001	1.394203e+000
1.101599268115458e-001	1.392821e+000
1.113318018115457e-001	1.389894e+000
1.125036768115457e-001	1.386582e+000
1.136755518115457e-001	1.383940e+000
1.148474268115457e-001	1.382632e+000
1.166052393115457e-001	1.383353e+000
1.177771143115457e-001	1.385033e+000
1.189489893115457e-001	1.386923e+000
1.201208643115457e-001	1.388421e+000
1.218786768115456e-001	1.389197e+000
1.236010000000000e-001	1.388325e+000
1.236010045299858e-001	1.388325e+000
1.236010082584325e-001	1.388324e+000
1.236010120675731e-001	1.388322e+000
1.236010179149801e-001	1.388317e+000
1.236010246141637e-001	1.388306e+000
1.236010338439008e-001	1.388282e+000
1.236010430008127e-001	1.388249e+000
1.236010537757408e-001	1.388197e+000
1.236010703889124e-001	1.388102e+000
1.236010922292505e-001	1.387967e+000
1.236011138534177e-001	1.387841e+000
1.236011369505869e-001	1.387733e+000
1.236011623928053e-001	1.387655e+000
1.236011966419034e-001	1.387605e+000
1.236012329271276e-001	1.387594e+000
1.236012683424725e-001	1.387602e+000
1.236013078639968e-001	1.387614e+000
1.236014279231611e-001	1.387624e+000
1.236015080332079e-001	1.387623e+000
1.236016016942285e-001	1.387622e+000
1.236018232384199e-001	1.387620e+000
1.236020000000000e-001	1.387616e+000
1.236020108696920e-001	1.387620e+000
1.236020253626146e-001	1.387641e+000
1.236020403822833e-001	1.387684e+000
1.236020546561358e-001	1.387746e+000
1.236020690359799e-001	1.387827e+000
1.236020847081837e-001	1.387924e+000
1.236021031903134e-001	1.388039e+000
1.236021168173904e-001	1.388118e+000
1.236021271358393e-001	1.388170e+000
1.236021378654399e-001	1.388215e+000
1.236021494076975e-001	1.388255e+000
1.236021615343092e-001	1.388288e+000
1.236021744470823e-001	1.388312e+000
1.236021882603507e-001	1.388329e+000
1.236022025830374e-001	1.388338e+000
1.236022166038848e-001	1.388340e+000
1.236022302865792e-001	1.388339e+000
1.236022430087487e-001	1.388336e+000
1.236022552189225e-001	1.388331e+000
1.236022716176797e-001	1.388325e+000
1.236022889017463e-001	1.388319e+000
1.236023116238400e-001	1.388312e+000
1.236023347644807e-001	1.388307e+000
1.236023814595086e-001	1.388301e+000
1.236024088424745e-001	1.388299e+000
1.236024416868622e-001	1.388298e+000
1.236024820180362e-001	1.388296e+000
1.236026488711279e-001	1.388284e+000
1.236055024056815e-001	1.387659e+000
1.236083559402351e-001	1.386411e+000
1.236112094747888e-001	1.384539e+000
1.236140630093424e-001	1.382044e+000
1.236169165438960e-001	1.378925e+000
1.236197700784496e-001	1.375182e+000
1.236226236130033e-001	1.370816e+000
1.236422720241904e-001	1.329562e+000
1.236815688465645e-001	1.210638e+000
1.237233045364329e-001	1.054376e+000
1.237710815583968e-001	8.606625e-001
1.238185040113352e-001	6.771250e-001
1.238732869820254e-001	4.932409e-001
1.239298667630314e-001	3.434877e-001
1.239954304910545e-001	2.210875e-001
1.240682118326196e-001	1.346570e-001
1.241209150693192e-001	9.979667e-002
1.241692950236865e-001	8.534960e-002
1.242141435323891e-001	8.153003e-002
1.242498613179456e-001	8.333083e-002
1.242803114241487e-001	8.745943e-002
1.243080778606136e-001	9.267973e-002
1.243343045894864e-001	9.852740e-002
1.243637348032129e-001	1.057826e-001
1.243905588222053e-001	1.128138e-001
1.244251987524645e-001	1.222124e-001
1.244631215458826e-001	1.325895e-001
1.245135181796521e-001	1.461616e-001
1.245726041922226e-001	1.613655e-001
1.246525535275661e-001	1.804149e-001
1.247558493273001e-001	2.024278e-001
1.249204005996815e-001	2.328102e-001
1.251698970728497e-001	2.721209e-001
1.254478381130602e-001	3.083501e-001
1.257946041059241e-001	3.411799e-001
1.263805416059241e-001	3.707244e-001
1.269664791059241e-001	3.708558e-001
1.275524166059241e-001	3.413268e-001
1.281383541059241e-001	2.873878e-001
1.287242916059241e-001	2.158418e-001
1.292661845124049e-001	1.401547e-001
1.298521220124048e-001	5.530574e-002
1.304380595124048e-001	-2.581198e-002
1.309855922970466e-001	-9.285237e-002
1.315341789094590e-001	-1.469620e-001
1.321201164094590e-001	-1.880824e-001
1.326656483631865e-001	-2.092212e-001
1.332515858631865e-001	-2.132796e-001
1.338375233631865e-001	-2.001965e-001
1.344234608631865e-001	-1.723813e-001
1.350093983631865e-001	-1.335871e-001
1.355479759523117e-001	-9.161107e-002
1.361047531735623e-001	-4.559587e-002
1.366906906735623e-001	1.747648e-003
1.372296136251523e-001	4.124180e-002
1.377772914972930e-001	7.462621e-002
1.383632289972930e-001	1.013193e-001
1.389043490559292e-001	1.164414e-001
1.394902865559292e-001	1.220924e-001
1.400762240559292e-001	1.176266e-001
1.406621615559292e-001	1.041930e-001
1.412480990559292e-001	8.373675e-002
1.418340365559292e-001	5.859116e-002
1.423844956154080e-001	3.284843e-002
1.429704331154080e-001	5.507242e-003
1.435383468965439e-001	-1.895382e-002
1.440815360391207e-001	-3.886294e-002
1.446357413355580e-001	-5.454885e-002
1.451722160519256e-001	-6.459695e-002
1.457299499421730e-001	-6.935857e-002
1.463158874421729e-001	-6.851532e-002
1.469018249421729e-001	-6.234469e-002
1.474877624421729e-001	-5.178928e-002
1.480736999421729e-001	-3.813642e-002
1.486203444324247e-001	-2.378966e-002
1.492062819324247e-001	-8.040375e-003
1.497922194324247e-001	6.843375e-003
1.503430095206063e-001	1.905463e-002
1.508953947360261e-001	2.874935e-002
1.514813322360261e-001	3.585421e-002
1.520319849459698e-001	3.928499e-002
1.526179224459698e-001	3.948829e-002
1.532038599459697e-001	3.656512e-002
1.537897974459697e-001	3.100393e-002
1.543757349459697e-001	2.351876e-002
1.549213517381518e-001	1.547772e-002
1.555072892381517e-001	6.469263e-003
1.560932267381517e-001	-2.189232e-003
1.566415562218805e-001	-9.394105e-003
1.571921881262121e-001	-1.526133e-002
1.577781256262121e-001	-1.974566e-002
1.583267342892997e-001	-2.211463e-002
1.589126717892997e-001	-2.265820e-002
1.594986092892997e-001	-2.136663e-002
1.600845467892997e-001	-1.849184e-002
1.606704842892997e-001	-1.442654e-002
1.612169706527709e-001	-9.930594e-003
1.617816374394717e-001	-4.982520e-003
1.623675749394717e-001	5.144279e-005
1.629101295208077e-001	4.286605e-003
1.634617135159411e-001	7.875315e-003
1.640446672792996e-001	1.071375e-002
1.645926482949335e-001	1.235541e-002
1.651785857949334e-001	1.297029e-002
1.657645232949334e-001	1.250658e-002
1.663504607949334e-001	1.108902e-002
1.669363982949334e-001	8.923560e-003
1.675223357949334e-001	6.256930e-003
1.680879887375303e-001	3.449659e-003
1.686739262375303e-001	5.493116e-004
1.692402671518304e-001	-2.034345e-003
1.697916034906596e-001	-4.167539e-003
1.703553957041631e-001	-5.839299e-003
1.709048529559028e-001	-6.897271e-003
1.714759814287210e-001	-7.369648e-003
1.720619189287210e-001	-7.230365e-003
1.726478564287210e-001	-6.529666e-003
1.732337939287210e-001	-5.374311e-003
1.738197314287210e-001	-3.901296e-003
1.743938505522608e-001	-2.291713e-003
1.749797880522608e-001	-6.257169e-004
1.755657255522608e-001	9.315994e-004
1.761277389911314e-001	2.215477e-003
1.766987227155549e-001	3.230240e-003
1.772547281151957e-001	3.888551e-003
1.778329332240617e-001	4.207771e-003
1.784188707240617e-001	4.169720e-003
1.790048082240617e-001	3.803985e-003
1.795907457240617e-001	3.170501e-003
1.801766832240617e-001	2.345911e-003
1.807626207240617e-001	1.414694e-003
1.813485582240617e-001	4.616424e-004
1.819344957240617e-001	-4.360574e-004
1.825031875678223e-001	-1.189941e-003
1.830857741910297e-001	-1.792811e-003
1.836717116910297e-001	-2.197352e-003
1.842576491910297e-001	-2.386415e-003
1.848435866910297e-001	-2.365572e-003
1.854295241910297e-001	-2.168972e-003
1.855681635923111e-001	-2.100928e-003
1.857068029935926e-001	-2.024162e-003
1.858454423948741e-001	-1.938674e-003
1.859840817961556e-001	-1.844464e-003
1.861227211974370e-001	-1.741532e-003
1.862613605987185e-001	-1.629878e-003
1.864000000000000e-001	-1.509502e-003
1.864000066006951e-001	-1.508727e-003
1.864000097731260e-001	-1.507687e-003
1.864000143113661e-001	-1.504862e-003
1.864000186720114e-001	-1.500410e-003
1.864000235807145e-001	-1.492812e-003
1.864000292155331e-001	-1.480389e-003
1.864000363238277e-001	-1.459426e-003
1.864000428646817e-001	-1.435078e-003
1.864000492127810e-001	-1.406637e-003
1.864000562981033e-001	-1.370253e-003
1.864000631613072e-001	-1.331063e-003
1.864000731488426e-001	-1.269490e-003
1.864000855981643e-001	-1.190440e-003
1.864001041397810e-001	-1.077476e-003
1.864001252944093e-001	-9.670031e-004
1.864001500440661e-001	-8.730226e-004
1.864001796526499e-001	-8.093893e-004
1.864002158348853e-001	-7.819030e-004
1.864002526618461e-001	-7.840825e-004
1.864002923482214e-001	-7.966789e-004
1.864003323493814e-001	-8.057794e-004
1.864003923285702e-001	-8.102204e-004
1.864004604678388e-001	-8.099744e-004
1.864005444014315e-001	-8.087629e-004
1.864006669192864e-001	-8.077970e-004
1.864007869729843e-001	-8.062779e-004
1.864010000000000e-001	-8.021421e-004
1.864010083151005e-001	-8.027104e-004
1.864010166302010e-001	-8.102035e-004
1.864010249453016e-001	-8.246215e-004
1.864010332604021e-001	-8.459644e-004
1.864010415755026e-001	-8.742321e-004
1.864010498906031e-001	-9.094247e-004
1.864010582057036e-001	-9.515421e-004
1.864010734879117e-001	-1.040434e-003
1.864010898497022e-001	-1.142520e-003
1.864011096844712e-001	-1.263157e-003
1.864011204181285e-001	-1.322374e-003
1.864011300109998e-001	-1.367933e-003
1.864011421976864e-001	-1.416575e-003
1.864011532652950e-001	-1.451860e-003
1.864011663114310e-001	-1.482916e-003
1.864011938877956e-001	-1.517625e-003
1.864012187362774e-001	-1.516671e-003
1.864012435847593e-001	-1.514570e-003
1.864012684332412e-001	-1.511322e-003
1.864012932817231e-001	-1.506926e-003
1.864013181302049e-001	-1.501384e-003
1.864013429786868e-001	-1.494694e-003
1.864013678271687e-001	-1.486857e-003
1.864025618575549e-001	-1.360277e-003
1.864037558879410e-001	-1.114827e-003
1.864049499183272e-001	-7.505084e-004
1.864061439487134e-001	-2.673200e-004
1.864073379790995e-001	3.347378e-004
1.864085320094857e-001	1.055665e-003
1.864097260398719e-001	1.895462e-003
1.864168724357065e-001	8.636967e-003
1.864264199443915e-001	2.223954e-002
1.864395544218906e-001	4.866960e-002
1.864568648166139e-001	9.459498e-002
1.864802306816000e-001	1.711825e-001
1.865096848480325e-001	2.825852e-001
1.865468134033404e-001	4.334816e-001
1.865829017114464e-001	5.802832e-001
1.866230400006284e-001	7.340602e-001
1.866611296442316e-001	8.651349e-001
1.866947975730513e-001	9.654765e-001
1.867284238111147e-001	1.049307e+000
1.867689314603754e-001	1.127728e+000
1.868381835432256e-001	1.215312e+000
1.869545499913088e-001	1.286647e+000
1.870637956612409e-001	1.298772e+000
1.871706522207203e-001	1.279760e+000
1.872877283567952e-001	1.248814e+000
1.874173060451825e-001	1.215534e+000
1.875882354016927e-001	1.178537e+000
1.878378351267848e-001	1.135711e+000
1.882845691832490e-001	1.076734e+000
1.887493559520189e-001	1.034562e+000
1.892712103142505e-001	1.012298e+000
1.898014269635263e-001	1.015621e+000
1.903353216897945e-001	1.043741e+000
1.909212591897945e-001	1.097705e+000
1.915071966897945e-001	1.168991e+000
1.920931341897945e-001	1.250757e+000
1.926790716897945e-001	1.335454e+000
1.932650091897945e-001	1.416026e+000
1.938509466897944e-001	1.486434e+000
1.944368841897944e-001	1.542036e+000
1.950228216897944e-001	1.579826e+000
1.956087591897944e-001	1.598515e+000
1.961946966897944e-001	1.598464e+000
1.967806341897944e-001	1.581497e+000
1.973665716897944e-001	1.550614e+000
1.979525091897944e-001	1.509694e+000
1.985016260048013e-001	1.465867e+000
1.990875635048013e-001	1.417437e+000
1.996735010048013e-001	1.371314e+000
2.002594385048013e-001	1.330908e+000
2.008453760048013e-001	1.298894e+000
2.014313135048013e-001	1.277014e+000
2.020172510048013e-001	1.266033e+000
2.026031885048013e-001	1.265771e+000
2.031891260048013e-001	1.275207e+000
2.037750635048013e-001	1.292645e+000
2.043610010048013e-001	1.315913e+000
2.049469385048013e-001	1.342585e+000
2.055328760048013e-001	1.370199e+000
2.061188135048012e-001	1.396456e+000
2.067047510048012e-001	1.419389e+000
2.072906885048012e-001	1.437488e+000
2.078766260048012e-001	1.449775e+000
2.084625635048012e-001	1.455833e+000
2.090485010048012e-001	1.455783e+000
2.096344385048012e-001	1.450222e+000
2.102203760048012e-001	1.440130e+000
2.108063135048012e-001	1.426754e+000
2.113922510048012e-001	1.411482e+000
2.119781885048012e-001	1.395720e+000
2.125641260048012e-001	1.380773e+000
2.131500635048012e-001	1.367759e+000
2.137360010048012e-001	1.357529e+000
2.143219385048012e-001	1.350631e+000
2.149078760048012e-001	1.347293e+000
2.154938135048012e-001	1.347435e+000
2.160797510048012e-001	1.350709e+000
2.166656885048011e-001	1.356547e+000
2.172516260048011e-001	1.364235e+000
2.178375635048011e-001	1.372978e+000
2.184235010048011e-001	1.381976e+000
2.190094385048011e-001	1.390483e+000
2.195953760048011e-001	1.397867e+000
2.201813135048011e-001	1.403648e+000
2.207672510048011e-001	1.407519e+000
2.213531885048011e-001	1.409357e+000
2.219391260048011e-001	1.409211e+000
2.225250635048011e-001	1.407286e+000
2.231110010048011e-001	1.403909e+000
2.236969385048011e-001	1.399491e+000
2.242828760048011e-001	1.394486e+000
2.248688135048011e-001	1.389351e+000
2.254547510048011e-001	1.384510e+000
2.260406885048011e-001	1.380320e+000
2.266266260048011e-001	1.377054e+000
2.272125635048010e-001	1.374882e+000
2.277985010048010e-001	1.373872e+000
2.289703760048010e-001	1.375123e+000
2.295563135048010e-001	1.377075e+000
2.301422510048010e-001	1.379614e+000
2.307281885048010e-001	1.382478e+000
2.313141260048010e-001	1.385409e+000
2.319000635048010e-001	1.388164e+000
2.324860010048010e-001	1.390541e+000
2.330719385048010e-001	1.392386e+000
2.336578760048010e-001	1.393604e+000
2.348297510048010e-001	1.394069e+000
2.360016260048010e-001	1.392277e+000
2.371735010048010e-001	1.389179e+000
2.383453760048009e-001	1.385939e+000
2.395172510048009e-001	1.383548e+000
2.406891260048009e-001	1.382562e+000
2.424469385048009e-001	1.383666e+000
2.436188135048009e-001	1.385442e+000
2.447906885048009e-001	1.387288e+000
2.465485010048009e-001	1.389024e+000
2.492010000000000e-001	1.388313e+000
2.492010066055675e-001	1.388312e+000
2.492010108893554e-001	1.388311e+000
2.492010152063314e-001	1.388308e+000
2.492010219935293e-001	1.388299e+000
2.492010296738445e-001	1.388282e+000
2.492010399210708e-001	1.388249e+000
2.492010491795687e-001	1.388209e+000
2.492010633507538e-001	1.388132e+000
2.492010826721720e-001	1.388014e+000
2.492011037704411e-001	1.387886e+000
2.492011260024538e-001	1.387768e+000
2.492011498814386e-001	1.387676e+000
2.492011791605997e-001	1.387612e+000
2.492012148270283e-001	1.387584e+000
2.492012514735207e-001	1.387585e+000
2.492012911220271e-001	1.387598e+000
2.492013892381119e-001	1.387612e+000
2.492014566517039e-001	1.387612e+000
2.492015396555223e-001	1.387611e+000
2.492016571953717e-001	1.387610e+000
2.492017734338944e-001	1.387608e+000
2.492020000000000e-001	1.387604e+000
2.492020079642690e-001	1.387606e+000
2.492020185832944e-001	1.387616e+000
2.492020312987109e-001	1.387642e+000
2.492020462291147e-001	1.387695e+000
2.492020602182656e-001	1.387764e+000
2.492020757315096e-001	1.387857e+000
2.492020918061164e-001	1.387957e+000
2.492021104381695e-001	1.388071e+000
2.492021209716533e-001	1.388128e+000
2.492021306766947e-001	1.388174e+000
2.492021426942166e-001	1.388222e+000
2.492021539590755e-001	1.388257e+000
2.492021669381660e-001	1.388288e+000
2.492021795877175e-001	1.388308e+000
2.492021946400787e-001	1.388322e+000
2.492022082102384e-001	1.388328e+000
2.492022211394311e-001	1.388329e+000
2.492022333966614e-001	1.388327e+000
2.492022463196162e-001	1.388323e+000
2.492022594257955e-001	1.388318e+000
2.492022768802781e-001	1.388311e+000
2.492022948002867e-001	1.388305e+000
2.492023161723206e-001	1.388299e+000
2.492023394416696e-001	1.388294e+000
2.492023868490909e-001	1.388289e+000
2.492024150042955e-001	1.388287e+000
2.492024491067572e-001	1.388286e+000
2.492025444998233e-001	1.388280e+000
2.492060268644493e-001	1.387416e+000
2.492095092290753e-001	1.385658e+000
2.492129915937013e-001	1.383004e+000
2.492164739583273e-001	1.379455e+000
2.492199563229533e-001	1.375011e+000
2.492234386875793e-001	1.369673e+000
2.492269210522053e-001	1.363439e+000
2.492510140630048e-001	1.307061e+000
2.492902107515987e-001	1.180311e+000
2.493339773815956e-001	1.011251e+000
2.493807785178572e-001	8.218129e-001
2.494305280911703e-001	6.336683e-001
2.494849044280706e-001	4.590424e-001
2.495439301231585e-001	3.127796e-001
2.496099198443636e-001	1.996198e-001
2.496795014732448e-001	1.255865e-001
2.497318710541652e-001	9.560020e-002
2.497811429181239e-001	8.365662e-002
2.498233221438914e-001	8.163767e-002
2.498574059245748e-001	8.418874e-002
2.498871925157050e-001	8.866169e-002
2.499145164655376e-001	9.405524e-002
2.499406407467457e-001	1.000420e-001
2.499696197628790e-001	1.073044e-001
2.499976927067147e-001	1.147326e-001
2.500332429329140e-001	1.244138e-001
2.500733626810949e-001	1.353750e-001
2.501257616287782e-001	1.493773e-001
2.501885421543802e-001	1.652995e-001
2.502730108408281e-001	1.849892e-001
2.503854561937558e-001	2.082342e-001
2.505730665738690e-001	2.417296e-001
2.508208658121506e-001	2.794154e-001
2.511071886536376e-001	3.149917e-001
2.514800041841933e-001	3.477206e-001
2.520659416841933e-001	3.727233e-001
2.526518791841933e-001	3.682649e-001
2.532378166841933e-001	3.348029e-001
2.538237541841933e-001	2.778328e-001
2.544096916841934e-001	2.042874e-001
2.549539288413615e-001	1.274331e-001
2.555398663413615e-001	4.275380e-002
2.561258038413615e-001	-3.722979e-002
2.566757125118793e-001	-1.027258e-001
2.572265831939632e-001	-1.546494e-001
2.578125206939632e-001	-1.928130e-001
2.583609917443891e-001	-2.111757e-001
2.589469292443891e-001	-2.122730e-001
2.595328667443891e-001	-1.965747e-001
2.601188042443892e-001	-1.666876e-001
2.607047417443892e-001	-1.264588e-001
2.612459011301673e-001	-8.358802e-002
2.618318386301673e-001	-3.514270e-002
2.624177761301673e-001	1.145081e-002
2.629644352214006e-001	5.014996e-002
2.635121694462642e-001	8.164854e-002
2.640981069462642e-001	1.059416e-001
2.646425676839917e-001	1.187868e-001
2.652285051839917e-001	1.219386e-001
2.658144426839917e-001	1.152149e-001
2.664003801839918e-001	9.993564e-002
2.669863176839918e-001	7.820129e-002
2.675343491459250e-001	5.402412e-002
2.680902430745438e-001	2.784199e-002
2.686761805745438e-001	7.088271e-004
2.692133332767453e-001	-2.197461e-002
2.697606518551095e-001	-4.136986e-002
2.703292513791971e-001	-5.662963e-002
2.708707330937742e-001	-6.579325e-002
2.714553939285559e-001	-6.961745e-002
2.720413314285560e-001	-6.762274e-002
2.726272689285560e-001	-6.041876e-002
2.732132064285560e-001	-4.908434e-002
2.737991439285560e-001	-3.493810e-002
2.743493168910040e-001	-2.031592e-002
2.749352543910040e-001	-4.661008e-003
2.755211918910040e-001	9.880727e-003
2.760675244039124e-001	2.148403e-002
2.766237173861383e-001	3.065423e-002
2.771674978503536e-001	3.665011e-002
2.777248560226011e-001	3.954227e-002
2.783107935226011e-001	3.922328e-002
2.788967310226011e-001	3.584030e-002
2.794826685226011e-001	2.992190e-002
2.800686060226011e-001	2.219776e-002
2.806168022532217e-001	1.401332e-002
2.812027397532217e-001	5.016827e-003
2.817886772532217e-001	-3.517288e-003
2.823395512601477e-001	-1.054820e-002
2.828926790380605e-001	-1.616587e-002
2.834786165380605e-001	-2.031072e-002
2.840304507621035e-001	-2.235809e-002
2.846163882621036e-001	-2.255855e-002
2.852023257621036e-001	-2.096258e-002
2.857882632621036e-001	-1.784525e-002
2.863742007621036e-001	-1.361077e-002
2.869231612225903e-001	-9.010167e-003
2.874935583379019e-001	-4.002561e-003
2.880794958379019e-001	9.651381e-004
2.886259529803569e-001	5.106427e-003
2.891798138667106e-001	8.532826e-003
2.897657513667106e-001	1.116084e-002
2.903171689347455e-001	1.258475e-002
2.909031064347455e-001	1.296020e-002
2.914890439347455e-001	1.227962e-002
2.920749814347455e-001	1.068439e-002
2.926609189347456e-001	8.395544e-003
2.932130307851210e-001	5.818717e-003
2.937840102638221e-001	2.966593e-003
2.943699477638221e-001	8.750956e-005
2.949153888113520e-001	-2.353729e-003
2.954700068015164e-001	-4.431110e-003
2.960412217873436e-001	-6.040082e-003
2.965950797684953e-001	-7.010598e-003
2.971792908703596e-001	-7.386835e-003
2.977652283703596e-001	-7.144968e-003
2.983511658703596e-001	-6.355128e-003
2.989371033703596e-001	-5.133241e-003
2.995230408703596e-001	-3.619194e-003
3.001005786554687e-001	-1.985681e-003
3.006865161554687e-001	-3.295991e-004
3.012603734104023e-001	1.166240e-003
3.018174153099919e-001	2.396193e-003
3.023901513438129e-001	3.361103e-003
3.029489414221628e-001	3.965444e-003
3.035312512305482e-001	4.225744e-003
3.041171887305482e-001	4.129716e-003
3.047031262305482e-001	3.714230e-003
3.052890637305483e-001	3.043002e-003
3.058750012305483e-001	2.194526e-003
3.064609387305483e-001	1.253844e-003
3.070468762305483e-001	3.051034e-004
3.076328137305484e-001	-5.763838e-004
3.081995587503360e-001	-1.302640e-003
3.087854962503360e-001	-1.877521e-003
3.093590927824112e-001	-2.240406e-003
3.099450302824112e-001	-2.396137e-003
3.105309677824112e-001	-2.345450e-003
3.111169052824113e-001	-2.128372e-003
3.112430616706382e-001	-2.061524e-003
3.113692180588652e-001	-1.987475e-003
3.114953744470921e-001	-1.906223e-003
3.116215308353191e-001	-1.817769e-003
3.117476872235460e-001	-1.722113e-003
3.118738436117730e-001	-1.619254e-003
3.119999999999999e-001	-1.509194e-003
3.120000066006666e-001	-1.508418e-003
3.120000097727133e-001	-1.507379e-003
3.120000143110612e-001	-1.504554e-003
3.120000186710069e-001	-1.500102e-003
3.120000235801906e-001	-1.492504e-003
3.120000292146256e-001	-1.480082e-003
3.120000363224671e-001	-1.459121e-003
3.120000428633564e-001	-1.434774e-003
3.120000492115300e-001	-1.406334e-003
3.120000562969319e-001	-1.369950e-003
3.120000631600327e-001	-1.330762e-003
3.120000731475693e-001	-1.269189e-003
3.120000855965524e-001	-1.190141e-003
3.120001041376321e-001	-1.077180e-003
3.120001252922595e-001	-9.667040e-004
3.120001500413214e-001	-8.727218e-004
3.120001796492656e-001	-8.090851e-004
3.120002158311986e-001	-7.815951e-004
3.120002526590674e-001	-7.837728e-004
3.120002923452987e-001	-7.963690e-004
3.120003323460556e-001	-8.054700e-004
3.120003923217815e-001	-8.099114e-004
3.120004604600700e-001	-8.096656e-004
3.120005443918157e-001	-8.084541e-004
3.120006669012365e-001	-8.074882e-004
3.120007869499527e-001	-8.059692e-004
3.120010000000000e-001	-8.018332e-004
3.120010083150488e-001	-8.024015e-004
3.120010166300976e-001	-8.098945e-004
3.120010249451464e-001	-8.243123e-004
3.120010332601952e-001	-8.456549e-004
3.120010415752440e-001	-8.739222e-004
3.120010498902928e-001	-9.091143e-004
3.120010582053416e-001	-9.512312e-004
3.120010734874908e-001	-1.040122e-003
3.120010898492152e-001	-1.142208e-003
3.120011096838112e-001	-1.262844e-003
3.120011204176422e-001	-1.322063e-003
3.120011300105664e-001	-1.367622e-003
3.120011421972704e-001	-1.416265e-003
3.120011532648367e-001	-1.451550e-003
3.120011663109470e-001	-1.482606e-003
3.120011938872176e-001	-1.517315e-003
3.120012187355686e-001	-1.516362e-003
3.120012435839195e-001	-1.514261e-003
3.120012684322704e-001	-1.511013e-003
3.120012932806213e-001	-1.506618e-003
3.120013181289722e-001	-1.501075e-003
3.120013429773231e-001	-1.494385e-003
3.120013678256740e-001	-1.486548e-003
3.120025618333411e-001	-1.359972e-003
3.120037558410081e-001	-1.114530e-003
3.120049498486752e-001	-7.502234e-004
3.120061438563422e-001	-2.670510e-004
3.120073378640093e-001	3.349866e-004
3.120085318716763e-001	1.055890e-003
3.120097258793434e-001	1.895658e-003
3.120168722135013e-001	8.637021e-003
3.120264196491717e-001	2.223936e-002
3.120395540656197e-001	4.866909e-002
3.120568643645259e-001	9.459395e-002
3.120802301277791e-001	1.711808e-001
3.121096841491539e-001	2.825827e-001
3.121468127370359e-001	4.334791e-001
3.121829009358887e-001	5.802805e-001
3.122230392683698e-001	7.340578e-001
3.122611288579414e-001	8.651327e-001
3.122947966389353e-001	9.654744e-001
3.123284227279777e-001	1.049305e+000
3.123689301684423e-001	1.127726e+000
3.124381813291266e-001	1.215310e+000
3.125545453766035e-001	1.286646e+000
3.126637903864156e-001	1.298773e+000
3.127706465059946e-001	1.279761e+000
3.128877227122203e-001	1.248816e+000
3.130172990254982e-001	1.215536e+000
3.131882262253917e-001	1.178539e+000
3.134378185472699e-001	1.135714e+000
3.138845541076626e-001	1.076735e+000
3.143493374067952e-001	1.034564e+000
3.148711910099691e-001	1.012299e+000
3.154014163915944e-001	1.015621e+000
3.159353107570181e-001	1.043740e+000
3.165212482570182e-001	1.097704e+000
3.171071857570182e-001	1.168989e+000
3.176931232570182e-001	1.250756e+000
3.182790607570182e-001	1.335453e+000
3.188649982570183e-001	1.416025e+000
3.194509357570183e-001	1.486432e+000
3.200368732570183e-001	1.542035e+000
3.206228107570183e-001	1.579826e+000
3.212087482570183e-001	1.598515e+000
3.217946857570184e-001	1.598464e+000
3.223806232570184e-001	1.581497e+000
3.229665607570184e-001	1.550615e+000
3.235524982570184e-001	1.509695e+000
3.241016153736666e-001	1.465868e+000
3.246875528736666e-001	1.417438e+000
3.252734903736666e-001	1.371315e+000
3.258594278736666e-001	1.330909e+000
3.264453653736666e-001	1.298894e+000
3.270313028736667e-001	1.277014e+000
3.276172403736667e-001	1.266033e+000
3.282031778736667e-001	1.265771e+000
3.287891153736667e-001	1.275207e+000
3.293750528736668e-001	1.292644e+000
3.299609903736668e-001	1.315912e+000
3.305469278736668e-001	1.342585e+000
3.311328653736668e-001	1.370199e+000
3.317188028736668e-001	1.396456e+000
3.323047403736669e-001	1.419389e+000
3.328906778736669e-001	1.437487e+000
3.334766153736669e-001	1.449775e+000
3.340625528736669e-001	1.455833e+000
3.346484903736670e-001	1.455783e+000
3.352344278736670e-001	1.450222e+000
3.358203653736670e-001	1.440130e+000
3.364063028736670e-001	1.426754e+000
3.369922403736670e-001	1.411483e+000
3.375781778736671e-001	1.395720e+000
3.381641153736671e-001	1.380774e+000
3.387500528736671e-001	1.367759e+000
3.393359903736671e-001	1.357530e+000
3.399219278736672e-001	1.350632e+000
3.405078653736672e-001	1.347293e+000
3.410938028736672e-001	1.347435e+000
3.416797403736672e-001	1.350709e+000
3.422656778736672e-001	1.356547e+000
3.428516153736673e-001	1.364235e+000
3.434375528736673e-001	1.372978e+000
3.440234903736673e-001	1.381975e+000
3.446094278736673e-001	1.390482e+000
3.451953653736674e-001	1.397867e+000
3.457813028736674e-001	1.403648e+000
3.463672403736674e-001	1.407519e+000
3.469531778736674e-001	1.409357e+000
3.475391153736674e-001	1.409211e+000
3.481250528736675e-001	1.407286e+000
3.487109903736675e-001	1.403909e+000
3.492969278736675e-001	1.399491e+000
3.498828653736675e-001	1.394486e+000
3.504688028736676e-001	1.389351e+000
3.510547403736676e-001	1.384510e+000
3.516406778736676e-001	1.380320e+000
3.522266153736676e-001	1.377054e+000
3.528125528736676e-001	1.374882e+000
3.533984903736677e-001	1.373872e+000
3.545703653736677e-001	1.375123e+000
3.551563028736677e-001	1.377075e+000
3.557422403736678e-001	1.379614e+000
3.563281778736678e-001	1.382478e+000
3.569141153736678e-001	1.385409e+000
3.575000528736678e-001	1.388164e+000
3.580859903736678e-001	1.390541e+000
3.586719278736679e-001	1.392386e+000
3.592578653736679e-001	1.393604e+000
3.604297403736679e-001	1.394069e+000
3.616016153736680e-001	1.392277e+000
3.627734903736680e-001	1.389179e+000
3.639453653736681e-001	1.385939e+000
3.651172403736681e-001	1.383548e+000
3.662891153736682e-001	1.382562e+000
3.680469278736682e-001	1.383666e+000
3.692188028736683e-001	1.385442e+000
3.703906778736683e-001	1.387288e+000
3.721484903736684e-001	1.389024e+000
3.748009999999999e-001	1.388313e+000
3.748010066055399e-001	1.388312e+000
3.748010108893016e-001	1.388311e+000
3.748010152062734e-001	1.388308e+000
3.748010219934448e-001	1.388299e+000
3.748010296737490e-001	1.388282e+000
3.748010399209744e-001	1.388249e+000
3.748010491794611e-001	1.388209e+000
3.748010633505634e-001	1.388132e+000
3.748010826719525e-001	1.388014e+000
3.748011037701873e-001	1.387886e+000
3.748011260022056e-001	1.387768e+000
3.748011498811402e-001	1.387676e+000
3.748011791602278e-001	1.387612e+000
3.748012148266285e-001	1.387584e+000
3.748012514732255e-001	1.387585e+000
3.748012911217132e-001	1.387598e+000
3.748013892374088e-001	1.387612e+000
3.748014566509146e-001	1.387612e+000
3.748015396545519e-001	1.387611e+000
3.748016571936110e-001	1.387610e+000
3.748017734307166e-001	1.387608e+000
3.748020000000000e-001	1.387604e+000
3.748020079642426e-001	1.387606e+000
3.748020185832328e-001	1.387616e+000
3.748020312986334e-001	1.387642e+000
3.748020462290398e-001	1.387695e+000
3.748020602181887e-001	1.387764e+000
3.748020757314300e-001	1.387857e+000
3.748020918060234e-001	1.387957e+000
3.748021104380880e-001	1.388071e+000
3.748021209716024e-001	1.388128e+000
3.748021306766509e-001	1.388174e+000
3.748021426941750e-001	1.388222e+000
3.748021539590286e-001	1.388257e+000
3.748021669381172e-001	1.388288e+000
3.748021795876648e-001	1.388308e+000
3.748021946400202e-001	1.388322e+000
3.748022082101812e-001	1.388328e+000
3.748022211393766e-001	1.388329e+000
3.748022333966107e-001	1.388327e+000
3.748022463195683e-001	1.388323e+000
3.748022594257356e-001	1.388318e+000
3.748022768802168e-001	1.388311e+000
3.748022948002081e-001	1.388305e+000
3.748023161722593e-001	1.388299e+000
3.748023394416057e-001	1.388294e+000
3.748023868490218e-001	1.388289e+000
3.748024150042207e-001	1.388287e+000
3.748024491066617e-001	1.388286e+000
3.748025444997502e-001	1.388280e+000
3.748060268576072e-001	1.387416e+000
3.748095092154641e-001	1.385658e+000
3.748129915733211e-001	1.383004e+000
3.748164739311781e-001	1.379455e+000
3.748199562890351e-001	1.375012e+000
3.748234386468921e-001	1.369673e+000
3.748269210047490e-001	1.363439e+000
3.748510139679347e-001	1.307061e+000
3.748902106805780e-001	1.180311e+000
3.749339772754829e-001	1.011251e+000
3.749807784329467e-001	8.218132e-001
3.750305279707002e-001	6.336687e-001
3.750849043237827e-001	4.590427e-001
3.751439299840985e-001	3.127799e-001
3.752099197114548e-001	1.996200e-001
3.752795014339124e-001	1.255865e-001
3.753318710333919e-001	9.560021e-002
3.753811428873628e-001	8.365662e-002
3.754233221167057e-001	8.163767e-002
3.754574059016472e-001	8.418874e-002
3.754871924937140e-001	8.866169e-002
3.755145164430928e-001	9.405523e-002
3.755406407226116e-001	1.000420e-001
3.755696197382579e-001	1.073044e-001
3.755976926759977e-001	1.147326e-001
3.756332428970829e-001	1.244138e-001
3.756733626355823e-001	1.353750e-001
3.757257615737769e-001	1.493773e-001
3.757885420833465e-001	1.652995e-001
3.758730107492246e-001	1.849892e-001
3.759854560613172e-001	2.082342e-001
3.761730663294385e-001	2.417295e-001
3.764208655493326e-001	2.794154e-001
3.767071883366078e-001	3.149917e-001
3.770800037152351e-001	3.477206e-001
3.776659412152351e-001	3.727233e-001
3.782518787152351e-001	3.682649e-001
3.788378162152352e-001	3.348030e-001
3.794237537152352e-001	2.778328e-001
3.800096912152352e-001	2.042875e-001
3.805539283595613e-001	1.274332e-001
3.811398658595613e-001	4.275388e-002
3.817258033595614e-001	-3.722973e-002
3.822757120170792e-001	-1.027257e-001
3.828265826865536e-001	-1.546494e-001
3.834125201865536e-001	-1.928129e-001
3.839609912208529e-001	-2.111757e-001
3.845469287208529e-001	-2.122730e-001
3.851328662208529e-001	-1.965747e-001
3.857188037208529e-001	-1.666877e-001
3.863047412208530e-001	-1.264588e-001
3.868459005925022e-001	-8.358806e-002
3.874318380925022e-001	-3.514275e-002
3.880177755925022e-001	1.145077e-002
3.885644346696179e-001	5.014993e-002
3.891121688808901e-001	8.164851e-002
3.896981063808901e-001	1.059416e-001
3.902425671009283e-001	1.187868e-001
3.908285046009283e-001	1.219386e-001
3.914144421009284e-001	1.152149e-001
3.920003796009284e-001	9.993567e-002
3.925863171009284e-001	7.820132e-002
3.931343488007826e-001	5.402413e-002
3.936902427034135e-001	2.784200e-002
3.942761802034135e-001	7.088434e-004
3.948133328699554e-001	-2.197459e-002
3.953606514429738e-001	-4.136984e-002
3.959292507580919e-001	-5.662962e-002
3.964707324736296e-001	-6.579324e-002
3.970553929609640e-001	-6.961745e-002
3.976413304609640e-001	-6.762274e-002
3.982272679609640e-001	-6.041877e-002
3.988132054609641e-001	-4.908436e-002
3.993991429609641e-001	-3.493812e-002
3.999493158960408e-001	-2.031595e-002
4.005352533960408e-001	-4.661034e-003
4.011211908960408e-001	9.880704e-003
4.016675233832128e-001	2.148401e-002
4.022237163382716e-001	3.065421e-002
4.027674972481712e-001	3.665011e-002
4.033248553687577e-001	3.954227e-002
4.039107928687577e-001	3.922328e-002
4.044967303687577e-001	3.584030e-002
4.050826678687577e-001	2.992191e-002
4.056686053687578e-001	2.219777e-002
4.062168015812954e-001	1.401333e-002
4.068027390812954e-001	5.016836e-003
4.073886765812955e-001	-3.517278e-003
4.079395505704008e-001	-1.054819e-002
4.084926783307184e-001	-1.616586e-002
4.090786158307184e-001	-2.031072e-002
4.096304500321434e-001	-2.235809e-002
4.102163875321434e-001	-2.255855e-002
4.108023250321434e-001	-2.096258e-002
4.113882625321434e-001	-1.784525e-002
4.119742000321435e-001	-1.361077e-002
4.125231604725640e-001	-9.010172e-003
4.130935572206091e-001	-4.002571e-003
4.136794947206092e-001	9.651292e-004
4.142259517788819e-001	5.106418e-003
4.147798126768428e-001	8.532819e-003
4.153657501768428e-001	1.116084e-002
4.159171677183945e-001	1.258475e-002
4.165031052183946e-001	1.296020e-002
4.170890427183946e-001	1.227962e-002
4.176749802183946e-001	1.068440e-002
4.182609177183946e-001	8.395549e-003
4.188130295353983e-001	5.818723e-003
4.193840089767044e-001	2.966600e-003
4.199699464767044e-001	8.751560e-005
4.205153874845025e-001	-2.353723e-003
4.210700054457891e-001	-4.431106e-003
4.216412197730648e-001	-6.040078e-003
4.221950777464414e-001	-7.010596e-003
4.227792877547110e-001	-7.386834e-003
4.233652252547110e-001	-7.144971e-003
4.239511627547111e-001	-6.355133e-003
4.245371002547111e-001	-5.133249e-003
4.251230377547111e-001	-3.619202e-003
4.257005754366430e-001	-1.985690e-003
4.262865129366430e-001	-3.296079e-004
4.268603714127716e-001	1.166235e-003
4.274174131661512e-001	2.396189e-003
4.279901493028000e-001	3.361100e-003
4.285489391798326e-001	3.965443e-003
4.291312489526860e-001	4.225744e-003
4.297171864526860e-001	4.129718e-003
4.303031239526860e-001	3.714233e-003
4.308890614526860e-001	3.043004e-003
4.314749989526860e-001	2.194529e-003
4.320609364526861e-001	1.253847e-003
4.326468739526861e-001	3.051070e-004
4.332328114526861e-001	-5.763806e-004
4.337995564086265e-001	-1.302638e-003
4.343854939086265e-001	-1.877519e-003
4.349590903611380e-001	-2.240405e-003
4.355450278611380e-001	-2.396137e-003
4.361309653611381e-001	-2.345450e-003
4.367169028611381e-001	-2.128373e-003
4.368430595952612e-001	-2.061525e-003
4.369692163293844e-001	-1.987476e-003
4.370953730635075e-001	-1.906224e-003
4.372215297976306e-001	-1.817770e-003
4.373476865317537e-001	-1.722113e-003
4.374738432658769e-001	-1.619255e-003
4.376000000000000e-001	-1.509194e-003
4.376000066004033e-001	-1.508418e-003
4.376000097725046e-001	-1.507379e-003
4.376000143107557e-001	-1.504554e-003
4.376000186707815e-001	-1.500103e-003
4.376000235798514e-001	-1.492504e-003
4.376000292142086e-001	-1.480083e-003
4.376000363223006e-001	-1.459122e-003
4.376000428633136e-001	-1.434774e-003
4.376000492115045e-001	-1.406334e-003
4.376000562969093e-001	-1.369951e-003
4.376000631599991e-001	-1.330762e-003
4.376000731475209e-001	-1.269190e-003
4.376000855964832e-001	-1.190141e-003
4.376001041375293e-001	-1.077180e-003
4.376001252921551e-001	-9.667045e-004
4.376001500411851e-001	-8.727222e-004
4.376001796491006e-001	-8.090854e-004
4.376002158310154e-001	-7.815951e-004
4.376002526589214e-001	-7.837727e-004
4.376002923451435e-001	-7.963689e-004
4.376003323458769e-001	-8.054699e-004
4.376003923214323e-001	-8.099113e-004
4.376004604596659e-001	-8.096655e-004
4.376005443913166e-001	-8.084541e-004
4.376006669002972e-001	-8.074882e-004
4.376007869488061e-001	-8.059692e-004
4.376010000000000e-001	-8.018331e-004
4.376010083150462e-001	-8.024014e-004
4.376010166300924e-001	-8.098944e-004
4.376010249451386e-001	-8.243122e-004
4.376010332601849e-001	-8.456548e-004
4.376010415752311e-001	-8.739221e-004
4.376010498902774e-001	-9.091142e-004
4.376010582053236e-001	-9.512310e-004
4.376010734874699e-001	-1.040122e-003
4.376010898491910e-001	-1.142208e-003
4.376011096837784e-001	-1.262844e-003
4.376011204176180e-001	-1.322062e-003
4.376011300105448e-001	-1.367622e-003
4.376011421972496e-001	-1.416264e-003
4.376011532648138e-001	-1.451549e-003
4.376011663109229e-001	-1.482606e-003
4.376011938871888e-001	-1.517315e-003
4.376012187355332e-001	-1.516362e-003
4.376012435838775e-001	-1.514261e-003
4.376012684322219e-001	-1.511013e-003
4.376012932805662e-001	-1.506618e-003
4.376013181289106e-001	-1.501075e-003
4.376013429772550e-001	-1.494385e-003
4.376013678255994e-001	-1.486548e-003
4.376025618321379e-001	-1.359972e-003
4.376037558386763e-001	-1.114531e-003
4.376049498452148e-001	-7.502244e-004
4.376061438517532e-001	-2.670529e-004
4.376073378582917e-001	3.349838e-004
4.376085318648301e-001	1.055886e-003
4.376097258713686e-001	1.895653e-003
4.376168722024617e-001	8.637009e-003
4.376264196345046e-001	2.223933e-002
4.376395540479220e-001	4.866905e-002
4.376568643388074e-001	9.459388e-002
4.376802300961797e-001	1.711807e-001
4.377096841071666e-001	2.825826e-001
4.377468126991675e-001	4.334790e-001
4.377829008903434e-001	5.802803e-001
4.378230392271649e-001	7.340577e-001
4.378611288126325e-001	8.651326e-001
4.378947965847623e-001	9.654742e-001
4.379284226648333e-001	1.049305e+000
4.379689300934055e-001	1.127726e+000
4.380381811991224e-001	1.215310e+000
4.381545451062518e-001	1.286646e+000
4.382637900774025e-001	1.298773e+000
4.383706461708752e-001	1.279762e+000
4.384877223806480e-001	1.248816e+000
4.386172986126980e-001	1.215536e+000
4.387882256852147e-001	1.178539e+000
4.390378175711666e-001	1.135714e+000
4.394845532167521e-001	1.076735e+000
4.399493363093758e-001	1.034564e+000
4.404711898669924e-001	1.012299e+000
4.410014157427976e-001	1.015621e+000
4.415353100876253e-001	1.043740e+000
4.421212475876253e-001	1.097704e+000
4.427071850876253e-001	1.168989e+000
4.432931225876253e-001	1.250756e+000
4.438790600876253e-001	1.335453e+000
4.444649975876254e-001	1.416025e+000
4.450509350876254e-001	1.486432e+000
4.456368725876254e-001	1.542035e+000
4.462228100876254e-001	1.579826e+000
4.468087475876255e-001	1.598515e+000
4.473946850876255e-001	1.598464e+000
4.479806225876255e-001	1.581497e+000
4.485665600876255e-001	1.550615e+000
4.491524975876255e-001	1.509695e+000
4.497016147208366e-001	1.465868e+000
4.502875522208366e-001	1.417438e+000
4.508734897208366e-001	1.371315e+000
4.514594272208367e-001	1.330909e+000
4.520453647208367e-001	1.298894e+000
4.526313022208367e-001	1.277014e+000
4.532172397208367e-001	1.266033e+000
4.538031772208367e-001	1.265771e+000
4.543891147208368e-001	1.275207e+000
4.549750522208368e-001	1.292644e+000
4.555609897208368e-001	1.315912e+000
4.561469272208368e-001	1.342585e+000
4.567328647208369e-001	1.370199e+000
4.573188022208369e-001	1.396456e+000
4.579047397208369e-001	1.419389e+000
4.584906772208369e-001	1.437487e+000
4.590766147208369e-001	1.449774e+000
4.596625522208370e-001	1.455833e+000
4.602484897208370e-001	1.455783e+000
4.608344272208370e-001	1.450222e+000
4.614203647208370e-001	1.440130e+000
4.620063022208371e-001	1.426755e+000
4.625922397208371e-001	1.411483e+000
4.631781772208371e-001	1.395720e+000
4.637641147208371e-001	1.380774e+000
4.643500522208371e-001	1.367759e+000
4.649359897208372e-001	1.357530e+000
4.655219272208372e-001	1.350632e+000
4.661078647208372e-001	1.347293e+000
4.666938022208372e-001	1.347435e+000
4.672797397208373e-001	1.350709e+000
4.678656772208373e-001	1.356547e+000
4.684516147208373e-001	1.364235e+000
4.690375522208373e-001	1.372978e+000
4.696234897208373e-001	1.381975e+000
4.702094272208374e-001	1.390482e+000
4.707953647208374e-001	1.397867e+000
4.713813022208374e-001	1.403648e+000
4.719672397208374e-001	1.407519e+000
4.725531772208375e-001	1.409357e+000
4.731391147208375e-001	1.409211e+000
4.737250522208375e-001	1.407286e+000
4.743109897208375e-001	1.403909e+000
4.748969272208375e-001	1.399491e+000
4.754828647208376e-001	1.394486e+000
4.760688022208376e-001	1.389351e+000
4.766547397208376e-001	1.384510e+000
4.772406772208376e-001	1.380320e+000
4.778266147208377e-001	1.377054e+000
4.784125522208377e-001	1.374882e+000
4.789984897208377e-001	1.373872e+000
4.801703647208377e-001	1.375123e+000
4.807563022208378e-001	1.377075e+000
4.813422397208378e-001	1.379614e+000
4.819281772208378e-001	1.382478e+000
4.825141147208378e-001	1.385409e+000
4.831000522208379e-001	1.388164e+000
4.836859897208379e-001	1.390541e+000
4.842719272208379e-001	1.392386e+000
4.848578647208379e-001	1.393604e+000
4.860297397208380e-001	1.394069e+000
4.872016147208380e-001	1.392277e+000
4.883734897208381e-001	1.389179e+000
4.895453647208381e-001	1.385939e+000
4.907172397208381e-001	1.383548e+000
4.918891147208382e-001	1.382562e+000
4.936469272208383e-001	1.383666e+000
4.948188022208383e-001	1.385442e+000
4.959906772208383e-001	1.387288e+000
4.977484897208384e-001	1.389024e+000
5.004010000000000e-001	1.388313e+000
5.004010066052765e-001	1.388312e+000
5.004010108887863e-001	1.388311e+000
5.004010152057186e-001	1.388308e+000
5.004010219926377e-001	1.388299e+000
5.004010296728363e-001	1.388282e+000
5.004010399200535e-001	1.388249e+000
5.004010491784326e-001	1.388209e+000
5.004010633487440e-001	1.388132e+000
5.004010826698540e-001	1.388014e+000
5.004011037677617e-001	1.387886e+000
5.004011259998337e-001	1.387768e+000
5.004011498782874e-001	1.387676e+000
5.004011791566729e-001	1.387612e+000
5.004012148228062e-001	1.387584e+000
5.004012514704006e-001	1.387585e+000
5.004012911187105e-001	1.387598e+000
5.004013892306857e-001	1.387612e+000
5.004014566433687e-001	1.387612e+000
5.004015396452770e-001	1.387611e+000
5.004016571767671e-001	1.387610e+000
5.004017734002422e-001	1.387608e+000
5.004020000000000e-001	1.387604e+000
5.004020079639895e-001	1.387606e+000
5.004020185826421e-001	1.387616e+000
5.004020312978909e-001	1.387642e+000
5.004020462283224e-001	1.387695e+000
5.004020602174524e-001	1.387764e+000
5.004020757306682e-001	1.387857e+000
5.004020918051325e-001	1.387957e+000
5.004021104373120e-001	1.388071e+000
5.004021209711181e-001	1.388128e+000
5.004021306762343e-001	1.388174e+000
5.004021426937803e-001	1.388222e+000
5.004021539585820e-001	1.388257e+000
5.004021669376538e-001	1.388288e+000
5.004021795871639e-001	1.388308e+000
5.004021946394646e-001	1.388322e+000
5.004022082096488e-001	1.388328e+000
5.004022211388854e-001	1.388329e+000
5.004022333961765e-001	1.388327e+000
5.004022463191779e-001	1.388323e+000
5.004022594252401e-001	1.388318e+000
5.004022768797117e-001	1.388311e+000
5.004022947995528e-001	1.388305e+000
5.004023161717099e-001	1.388299e+000
5.004023394410220e-001	1.388294e+000
5.004023868483364e-001	1.388289e+000
5.004024150034262e-001	1.388287e+000
5.004024491057052e-001	1.388286e+000
5.004025444989021e-001	1.388280e+000
5.004060267708430e-001	1.387416e+000
5.004095090427839e-001	1.385658e+000
5.004129913147248e-001	1.383004e+000
5.004164735866659e-001	1.379456e+000
5.004199558586068e-001	1.375012e+000
5.004234381305477e-001	1.369674e+000
5.004269204024886e-001	1.363440e+000
5.004510127618995e-001	1.307065e+000
5.004902097793664e-001	1.180314e+000
5.005339759291998e-001	1.011257e+000
5.005807773553438e-001	8.218175e-001
5.006305264420833e-001	6.336741e-001
5.006849030001626e-001	4.590465e-001
5.007439282193580e-001	3.127836e-001
5.008099180243264e-001	1.996225e-001
5.008795009318408e-001	1.255870e-001
5.009318707641974e-001	9.560028e-002
5.009811424883743e-001	8.365663e-002
5.010233217637909e-001	8.163762e-002
5.010574056015306e-001	8.418867e-002
5.010871922020338e-001	8.866162e-002
5.011145161402448e-001	9.405515e-002
5.011406403900929e-001	1.000419e-001
5.011696193934198e-001	1.073043e-001
5.011976922384579e-001	1.147325e-001
5.012332423806993e-001	1.244136e-001
5.012733619743361e-001	1.353748e-001
5.013257607694347e-001	1.493770e-001
5.013885410402653e-001	1.652993e-001
5.014730093984443e-001	1.849889e-001
5.015854541029187e-001	2.082338e-001
5.017730627003134e-001	2.417289e-001
5.020208616553016e-001	2.794148e-001
5.023071836395302e-001	3.149912e-001
5.026799967712480e-001	3.477201e-001
5.032659342712480e-001	3.727231e-001
5.038518717712480e-001	3.682651e-001
5.044378092712480e-001	3.348035e-001
5.050237467712481e-001	2.778336e-001
5.056096842712481e-001	2.042884e-001
5.061539212237313e-001	1.274342e-001
5.067398587237313e-001	4.275489e-002
5.073257962237313e-001	-3.722881e-002
5.078757046870316e-001	-1.027249e-001
5.084265751681532e-001	-1.546488e-001
5.090125126681532e-001	-1.928126e-001
5.095609834615520e-001	-2.111755e-001
5.101469209615520e-001	-2.122732e-001
5.107328584615520e-001	-1.965750e-001
5.113187959615521e-001	-1.666881e-001
5.119047334615521e-001	-1.264594e-001
5.124458926221687e-001	-8.358872e-002
5.130318301221687e-001	-3.514341e-002
5.136177676221687e-001	1.145016e-002
5.141644264883498e-001	5.014940e-002
5.147121604966489e-001	8.164808e-002
5.152980979966489e-001	1.059413e-001
5.158425584524953e-001	1.187867e-001
5.164284959524953e-001	1.219387e-001
5.170144334524953e-001	1.152151e-001
5.176003709524953e-001	9.993594e-002
5.181863084524954e-001	7.820167e-002
5.187343437071627e-001	5.402437e-002
5.192902372214835e-001	2.784226e-002
5.198761747214835e-001	7.090886e-004
5.204133268552563e-001	-2.197435e-002
5.209606453485807e-001	-4.136966e-002
5.215292415413897e-001	-5.662942e-002
5.220707232714774e-001	-6.579314e-002
5.226553785674604e-001	-6.961744e-002
5.232413160674604e-001	-6.762286e-002
5.238272535674604e-001	-6.041901e-002
5.244131910674604e-001	-4.908467e-002
5.249991285674605e-001	-3.493849e-002
5.255493010935534e-001	-2.031635e-002
5.261352385935534e-001	-4.661418e-003
5.267211760935534e-001	9.880363e-003
5.272675081964203e-001	2.148372e-002
5.278237007453738e-001	3.065399e-002
5.283674883142104e-001	3.665002e-002
5.289248456627261e-001	3.954224e-002
5.295107831627262e-001	3.922331e-002
5.300967206627262e-001	3.584038e-002
5.306826581627262e-001	2.992202e-002
5.312685956627262e-001	2.219791e-002
5.318167916050289e-001	1.401348e-002
5.324027291050290e-001	5.016987e-003
5.329886666050290e-001	-3.517141e-003
5.335395403279646e-001	-1.054808e-002
5.340926678250426e-001	-1.616577e-002
5.346786053250426e-001	-2.031066e-002
5.352304391882254e-001	-2.235807e-002
5.358163766882255e-001	-2.255856e-002
5.364023141882255e-001	-2.096263e-002
5.369882516882255e-001	-1.784532e-002
5.375741891882255e-001	-1.361086e-002
5.381231493287423e-001	-9.010269e-003
5.386935405888619e-001	-4.002715e-003
5.392794780888619e-001	9.649959e-004
5.398259338893627e-001	5.106295e-003
5.403797949601852e-001	8.532724e-003
5.409657324601852e-001	1.116078e-002
5.415171496055120e-001	1.258472e-002
5.421030871055120e-001	1.296020e-002
5.426890246055121e-001	1.227966e-002
5.432749621055121e-001	1.068446e-002
5.438608996055121e-001	8.395628e-003
5.444130109236748e-001	5.818814e-003
5.449839898075434e-001	2.966695e-003
5.455699273075434e-001	8.760564e-005
5.461153677220352e-001	-2.353642e-003
5.466699852506228e-001	-4.431042e-003
5.472411897379217e-001	-6.040012e-003
5.477950475941915e-001	-7.010564e-003
5.483792412615248e-001	-7.386833e-003
5.489651787615248e-001	-7.145012e-003
5.495511162615249e-001	-6.355213e-003
5.501370537615249e-001	-5.133358e-003
5.507229912615249e-001	-3.619329e-003
5.513005274039605e-001	-1.985826e-003
5.518864649039605e-001	-3.297400e-004
5.524603416273595e-001	1.166162e-003
5.530173811941890e-001	2.396126e-003
5.535901188704613e-001	3.361058e-003
5.541489057377351e-001	3.965417e-003
5.547312149834186e-001	4.225739e-003
5.553171524834186e-001	4.129732e-003
5.559030899834186e-001	3.714264e-003
5.564890274834187e-001	3.043049e-003
5.570749649834187e-001	2.194582e-003
5.576609024834187e-001	1.253902e-003
5.582468399834187e-001	3.051602e-004
5.588327774834188e-001	-5.763333e-004
5.593995214823497e-001	-1.302598e-003
5.599854589823498e-001	-1.877491e-003
5.605590542435138e-001	-2.240389e-003
5.611449917435138e-001	-2.396134e-003
5.617309292435139e-001	-2.345459e-003
5.623168667435139e-001	-2.128390e-003
5.624430286372976e-001	-2.061542e-003
5.625691905310813e-001	-1.987491e-003
5.626953524248650e-001	-1.906237e-003
5.628215143186488e-001	-1.817781e-003
5.629476762124325e-001	-1.722121e-003
5.630738381062163e-001	-1.619259e-003
5.631999999999999e-001	-1.509193e-003
5.632000066006666e-001	-1.508417e-003
5.632000097727127e-001	-1.507378e-003
5.632000143110608e-001	-1.504553e-003
5.632000186710053e-001	-1.500102e-003
5.632000235801900e-001	-1.492503e-003
5.632000292146244e-001	-1.480082e-003
5.632000363224643e-001	-1.459121e-003
5.632000428633536e-001	-1.434774e-003
5.632000492115274e-001	-1.406334e-003
5.632000562969294e-001	-1.369950e-003
5.632000631600298e-001	-1.330761e-003
5.632000731475663e-001	-1.269189e-003
5.632000855965483e-001	-1.190140e-003
5.632001041376267e-001	-1.077179e-003
5.632001252922539e-001	-9.667036e-004
5.632001500413144e-001	-8.727214e-004
5.632001796492571e-001	-8.090847e-004
5.632002158311890e-001	-7.815946e-004
5.632002526590596e-001	-7.837724e-004
5.632002923452905e-001	-7.963686e-004
5.632003323460463e-001	-8.054695e-004
5.632003923217632e-001	-8.099109e-004
5.632004604600489e-001	-8.096651e-004
5.632005443917901e-001	-8.084536e-004
5.632006669011835e-001	-8.074878e-004
5.632007869498857e-001	-8.059688e-004
5.632010000000000e-001	-8.018327e-004
5.632010083150486e-001	-8.024010e-004
5.632010166300973e-001	-8.098940e-004
5.632010249451459e-001	-8.243118e-004
5.632010332601946e-001	-8.456544e-004
5.632010415752432e-001	-8.739217e-004
5.632010498902919e-001	-9.091138e-004
5.632010582053405e-001	-9.512307e-004
5.632010734874895e-001	-1.040122e-003
5.632010898492137e-001	-1.142207e-003
5.632011096838092e-001	-1.262843e-003
5.632011204176406e-001	-1.322062e-003
5.632011300105649e-001	-1.367621e-003
5.632011421972689e-001	-1.416264e-003
5.632011532648351e-001	-1.451549e-003
5.632011663109454e-001	-1.482606e-003
5.632011938872158e-001	-1.517315e-003
5.632012187355663e-001	-1.516362e-003
5.632012435839169e-001	-1.514261e-003
5.632012684322674e-001	-1.511013e-003
5.632012932806180e-001	-1.506617e-003
5.632013181289685e-001	-1.501075e-003
5.632013429773191e-001	-1.494385e-003
5.632013678256695e-001	-1.486548e-003
5.632020122824248e-001	-1.435550e-003
5.632026567391802e-001	-1.348655e-003
5.632033011959355e-001	-1.225863e-003
5.632039456526908e-001	-1.067172e-003
5.632045901094461e-001	-8.725845e-004
5.632052345662015e-001	-6.420990e-004
5.632058790229568e-001	-3.757159e-004
5.632097258788936e-001	1.895658e-003
5.632168722128788e-001	8.637021e-003
5.632264196483447e-001	2.223936e-002
5.632395540646261e-001	4.866909e-002
5.632568643631779e-001	9.459395e-002
5.632802301261277e-001	1.711808e-001
5.633096841470131e-001	2.825827e-001
5.633468127350533e-001	4.334791e-001
5.633829009335408e-001	5.802804e-001
5.634230392662014e-001	7.340578e-001
5.634611288555839e-001	8.651327e-001
5.634947966361253e-001	9.654744e-001
5.635284227247107e-001	1.049305e+000
5.635689301645532e-001	1.127726e+000
5.636381813224249e-001	1.215310e+000
5.637545453626520e-001	1.286646e+000
5.638637903704689e-001	1.298773e+000
5.639706464887097e-001	1.279761e+000
5.640877226951331e-001	1.248816e+000
5.642172990042368e-001	1.215536e+000
5.643882261975843e-001	1.178539e+000
5.646378184970258e-001	1.135714e+000
5.650845540618932e-001	1.076735e+000
5.655493373504555e-001	1.034564e+000
5.660711909513073e-001	1.012299e+000
5.666014163587821e-001	1.015621e+000
5.671353107231345e-001	1.043740e+000
5.677212482231345e-001	1.097704e+000
5.683071857231345e-001	1.168989e+000
5.688931232231346e-001	1.250756e+000
5.694790607231346e-001	1.335453e+000
5.700649982231346e-001	1.416025e+000
5.706509357231346e-001	1.486432e+000
5.712368732231347e-001	1.542035e+000
5.718228107231347e-001	1.579826e+000
5.724087482231347e-001	1.598515e+000
5.729946857231347e-001	1.598464e+000
5.735806232231347e-001	1.581497e+000
5.741665607231348e-001	1.550615e+000
5.747524982231348e-001	1.509695e+000
5.753016153406686e-001	1.465868e+000
5.758875528406686e-001	1.417438e+000
5.764734903406686e-001	1.371315e+000
5.770594278406687e-001	1.330909e+000
5.776453653406687e-001	1.298894e+000
5.782313028406687e-001	1.277014e+000
5.788172403406687e-001	1.266033e+000
5.794031778406688e-001	1.265771e+000
5.799891153406688e-001	1.275207e+000
5.805750528406688e-001	1.292644e+000
5.811609903406688e-001	1.315912e+000
5.817469278406688e-001	1.342585e+000
5.823328653406689e-001	1.370199e+000
5.829188028406689e-001	1.396456e+000
5.835047403406689e-001	1.419389e+000
5.840906778406689e-001	1.437487e+000
5.846766153406690e-001	1.449775e+000
5.852625528406690e-001	1.455833e+000
5.858484903406690e-001	1.455783e+000
5.864344278406690e-001	1.450222e+000
5.870203653406690e-001	1.440130e+000
5.876063028406691e-001	1.426754e+000
5.881922403406691e-001	1.411483e+000
5.887781778406691e-001	1.395720e+000
5.893641153406691e-001	1.380774e+000
5.899500528406692e-001	1.367759e+000
5.905359903406692e-001	1.357530e+000
5.911219278406692e-001	1.350632e+000
5.917078653406692e-001	1.347293e+000
5.922938028406692e-001	1.347435e+000
5.928797403406693e-001	1.350709e+000
5.934656778406693e-001	1.356547e+000
5.940516153406693e-001	1.364235e+000
5.946375528406693e-001	1.372978e+000
5.952234903406694e-001	1.381975e+000
5.958094278406694e-001	1.390482e+000
5.963953653406694e-001	1.397867e+000
5.969813028406694e-001	1.403648e+000
5.975672403406694e-001	1.407519e+000
5.981531778406695e-001	1.409357e+000
5.987391153406695e-001	1.409211e+000
5.993250528406695e-001	1.407286e+000
5.999109903406695e-001	1.404125e+000
6.000000000000000e-001	1.403534e+000
