time	V(vout)
0.000000000000000e+000	9.838554e-006
6.080000000000000e-003	9.838560e-006
6.080006600688255e-003	1.058959e-005
6.080009460510547e-003	1.145183e-005
6.080013299040435e-003	1.362527e-005
6.080017531994969e-003	1.755117e-005
6.080022419185154e-003	2.469205e-005
6.080029374739008e-003	3.957010e-005
6.080036287791485e-003	5.971408e-005
6.080042806890311e-003	8.417927e-005
6.080050354973730e-003	1.184549e-004
6.080057884052617e-003	1.581233e-004
6.080067956197156e-003	2.174753e-004
6.080079736805095e-003	2.914618e-004
6.080096230217592e-003	3.945169e-004
6.080117691789792e-003	5.152760e-004
6.080140171695773e-003	6.136892e-004
6.080168148203307e-003	6.901851e-004
6.080203114890459e-003	7.319109e-004
6.080241625468258e-003	7.374228e-004
6.080282431837543e-003	7.256531e-004
6.080320443509061e-003	7.153051e-004
6.080372051581004e-003	7.093740e-004
6.080438541710949e-003	7.086783e-004
6.080518579366303e-003	7.098386e-004
6.080619749040439e-003	7.106749e-004
6.080757051529333e-003	7.118033e-004
6.080841160393735e-003	7.130691e-004
6.081000000000001e-003	7.162623e-004
6.081008513225675e-003	7.156385e-004
6.081017026451350e-003	7.077458e-004
6.081025539677025e-003	6.925840e-004
6.081034052902700e-003	6.701533e-004
6.081042566128374e-003	6.404535e-004
6.081051079354049e-003	6.034848e-004
6.081059592579724e-003	5.592471e-004
6.081075102881968e-003	4.679473e-004
6.081091716782514e-003	3.643759e-004
6.081112307713349e-003	2.405399e-004
6.081122381109118e-003	1.860931e-004
6.081131763944313e-003	1.427562e-004
6.081143896971641e-003	9.583692e-005
6.081155128259993e-003	6.138903e-005
6.081168286038116e-003	3.159102e-005
6.081196254077472e-003	-8.039477e-007
6.081217866113861e-003	-1.381105e-007
6.081239478150250e-003	1.711845e-006
6.081261090186639e-003	4.745918e-006
6.081282702223028e-003	8.964110e-006
6.081304314259416e-003	1.436642e-005
6.081325926295805e-003	2.095285e-005
6.081347538332194e-003	2.872339e-005
6.081622277907444e-003	4.692670e-005
6.081897017482694e-003	7.122212e-005
6.082171757057944e-003	1.016097e-004
6.082446496633195e-003	1.380893e-004
6.082721236208444e-003	1.806611e-004
6.082995975783695e-003	2.293250e-004
6.083270715358945e-003	2.840810e-004
6.084470544027364e-003	6.009245e-004
6.086870201364202e-003	1.604713e-003
6.091471881666220e-003	4.790748e-003
6.100021328163881e-003	1.419559e-002
6.111224032605232e-003	3.245733e-002
6.125632271940905e-003	6.501028e-002
6.145671236199418e-003	1.232951e-001
6.171120235558301e-003	2.123483e-001
6.204028200640357e-003	3.415445e-001
6.239841278818604e-003	4.883047e-001
6.278340939084205e-003	6.424736e-001
6.317125805860905e-003	7.855802e-001
6.356305407370161e-003	9.128492e-001
6.392314678171009e-003	1.012031e+000
6.429065096838938e-003	1.093303e+000
6.482566431010120e-003	1.178459e+000
6.569115832111508e-003	1.258096e+000
6.689233019611508e-003	1.297398e+000
6.809350207111508e-003	1.289373e+000
6.923312380413910e-003	1.261726e+000
7.043429567913910e-003	1.229260e+000
7.163546755413910e-003	1.199914e+000
7.283663942913910e-003	1.174588e+000
7.403781130413911e-003	1.152428e+000
7.523898317913911e-003	1.132468e+000
7.644015505413911e-003	1.114122e+000
7.764132692913911e-003	1.097147e+000
8.004367067913911e-003	1.067220e+000
8.244601442913909e-003	1.042920e+000
8.484835817913908e-003	1.024466e+000
8.845187380413906e-003	1.007798e+000
9.085421755413905e-003	1.003896e+000
9.325656130413904e-003	1.005554e+000
9.565890505413902e-003	1.012517e+000
9.806124880413901e-003	1.024465e+000
1.004635925541390e-002	1.041020e+000
1.028659363041390e-002	1.061758e+000
1.052682800541390e-002	1.086210e+000
1.076706238041390e-002	1.113876e+000
1.100729675541389e-002	1.144232e+000
1.124753113041389e-002	1.176738e+000
1.148776550541389e-002	1.210846e+000
1.172799988041389e-002	1.246007e+000
1.196823425541389e-002	1.281682e+000
1.224088281250000e-002	1.322163e+000
1.236100000000000e-002	1.339813e+000
1.236100625985386e-002	1.339813e+000
1.236101041560611e-002	1.339812e+000
1.236101465500935e-002	1.339810e+000
1.236102125779875e-002	1.339802e+000
1.236102878183816e-002	1.339788e+000
1.236103789266284e-002	1.339761e+000
1.236104758734926e-002	1.339723e+000
1.236105993159023e-002	1.339660e+000
1.236107963812285e-002	1.339544e+000
1.236110058584647e-002	1.339419e+000
1.236112306486459e-002	1.339300e+000
1.236114631601386e-002	1.339208e+000
1.236117475100758e-002	1.339144e+000
1.236121005823257e-002	1.339116e+000
1.236125057663597e-002	1.339121e+000
1.236128858750141e-002	1.339139e+000
1.236144981305092e-002	1.339177e+000
1.236164268143283e-002	1.339203e+000
1.236177512854090e-002	1.339221e+000
1.236200000000000e-002	1.339250e+000
1.236200797759156e-002	1.339253e+000
1.236201861438031e-002	1.339265e+000
1.236203201060949e-002	1.339295e+000
1.236204516048561e-002	1.339343e+000
1.236206018278510e-002	1.339419e+000
1.236207487025696e-002	1.339508e+000
1.236209187217858e-002	1.339617e+000
1.236211222337299e-002	1.339743e+000
1.236212220667401e-002	1.339799e+000
1.236213162100934e-002	1.339844e+000
1.236214366975560e-002	1.339893e+000
1.236215499839599e-002	1.339929e+000
1.236216811654215e-002	1.339961e+000
1.236218080570307e-002	1.339982e+000
1.236219604196719e-002	1.339998e+000
1.236221232262100e-002	1.340006e+000
1.236222738318460e-002	1.340007e+000
1.236224286312702e-002	1.340006e+000
1.236225790759403e-002	1.340003e+000
1.236227356184119e-002	1.339999e+000
1.236229146294091e-002	1.339995e+000
1.236231365845349e-002	1.339992e+000
1.236234766677826e-002	1.339990e+000
1.236240215960643e-002	1.339993e+000
1.236246885301932e-002	1.340000e+000
1.236510961041720e-002	1.339892e+000
1.236775036781507e-002	1.339248e+000
1.237039112521295e-002	1.338070e+000
1.237303188261083e-002	1.336356e+000
1.237567264000870e-002	1.334106e+000
1.237831339740658e-002	1.331321e+000
1.238095415480446e-002	1.328000e+000
1.239794940493094e-002	1.297422e+000
1.243193990518390e-002	1.205136e+000
1.247490502311391e-002	1.055323e+000
1.251957082383167e-002	8.818396e-001
1.256769512762097e-002	6.986176e-001
1.261900684603013e-002	5.262515e-001
1.267552218142144e-002	3.741107e-001
1.273693591163130e-002	2.555599e-001
1.280714324894797e-002	1.693326e-001
1.286330519394228e-002	1.320388e-001
1.291617763493229e-002	1.183054e-001
1.296045294637329e-002	1.177213e-001
1.299562044498650e-002	1.227222e-001
1.302675590036467e-002	1.301143e-001
1.305606422133675e-002	1.388448e-001
1.308508639577114e-002	1.486905e-001
1.311656045659347e-002	1.602642e-001
1.315034724335714e-002	1.733138e-001
1.319156334502067e-002	1.896220e-001
1.324053604233947e-002	2.089866e-001
1.330276326184437e-002	2.329485e-001
1.338071356292322e-002	2.613579e-001
1.348612661783186e-002	2.968601e-001
1.360624380533186e-002	3.338097e-001
1.372636099283186e-002	3.675652e-001
1.384647818033186e-002	3.986553e-001
1.396659536783186e-002	4.274656e-001
1.408671255533186e-002	4.541358e-001
1.420682974283186e-002	4.786685e-001
1.432694693033186e-002	5.010166e-001
1.456718130533186e-002	5.389676e-001
1.480741568033186e-002	5.677457e-001
1.504765005533186e-002	5.873132e-001
1.528788443033185e-002	5.977815e-001
1.540800161783185e-002	5.996723e-001
1.552811880533185e-002	5.993853e-001
1.564823599283185e-002	5.969675e-001
1.576835318033185e-002	5.924726e-001
1.600858755533186e-002	5.774970e-001
1.624882193033186e-002	5.550070e-001
1.648905630533186e-002	5.256338e-001
1.672929068033186e-002	4.900792e-001
1.696952505533186e-002	4.491032e-001
1.708964224283186e-002	4.268321e-001
1.720975943033187e-002	4.035100e-001
1.732987661783187e-002	3.792423e-001
1.744999380533187e-002	3.541355e-001
1.769022818033187e-002	3.018339e-001
1.793046255533187e-002	2.474648e-001
1.805057974283187e-002	2.197721e-001
1.817069693033187e-002	1.918812e-001
1.829081411783188e-002	1.638958e-001
1.841093130533188e-002	1.359175e-001
1.844365540457018e-002	1.282878e-001
1.847637950380848e-002	1.206748e-001
1.850910360304679e-002	1.130785e-001
1.854182770228509e-002	1.054988e-001
1.857455180152339e-002	9.793577e-002
1.860727590076170e-002	9.038942e-002
1.864000000000000e-002	8.285974e-002
1.864000718796922e-002	8.285918e-002
1.864001207101361e-002	8.286013e-002
1.864001649849017e-002	8.286297e-002
1.864002385674880e-002	8.287242e-002
1.864003178827019e-002	8.288962e-002
1.864004204535088e-002	8.292262e-002
1.864005157140544e-002	8.296418e-002
1.864006779096915e-002	8.305182e-002
1.864008778558188e-002	8.317021e-002
1.864011064837125e-002	8.330087e-002
1.864013241741138e-002	8.340273e-002
1.864015812270937e-002	8.348268e-002
1.864018917853733e-002	8.352876e-002
1.864026068213746e-002	8.352320e-002
1.864030086886814e-002	8.350085e-002
1.864050533299944e-002	8.344357e-002
1.864082667521504e-002	8.337280e-002
1.864100000000000e-002	8.333655e-002
1.864100943234569e-002	8.333288e-002
1.864101886469138e-002	8.332050e-002
1.864102829703706e-002	8.329942e-002
1.864103772938275e-002	8.326962e-002
1.864104716172844e-002	8.323112e-002
1.864105659407413e-002	8.318391e-002
1.864106602641981e-002	8.312799e-002
1.864108261626058e-002	8.302261e-002
1.864110060413123e-002	8.290640e-002
1.864111448646963e-002	8.282195e-002
1.864112426716571e-002	8.276884e-002
1.864114620960404e-002	8.267500e-002
1.864117084973970e-002	8.260830e-002
1.864118868108027e-002	8.258925e-002
1.864120651242083e-002	8.257470e-002
1.864122434376139e-002	8.256466e-002
1.864124217510195e-002	8.255912e-002
1.864126000644251e-002	8.255809e-002
1.864127783778308e-002	8.256156e-002
1.864129566912364e-002	8.256954e-002
1.864246266183501e-002	8.242479e-002
1.864362965454638e-002	8.239419e-002
1.864479664725775e-002	8.247774e-002
1.864596363996912e-002	8.267545e-002
1.864713063268049e-002	8.298730e-002
1.864829762539186e-002	8.341331e-002
1.864946461810324e-002	8.395347e-002
1.865716178844768e-002	9.004882e-002
1.867255612913658e-002	1.126081e-001
1.869670886273827e-002	1.670747e-001
1.872279283943921e-002	2.460077e-001
1.875696183222871e-002	3.688267e-001
1.878865033842733e-002	4.909813e-001
1.882660145271720e-002	6.369833e-001
1.886201280682155e-002	7.649811e-001
1.889576509416008e-002	8.742571e-001
1.893193694459319e-002	9.755431e-001
1.896475757915419e-002	1.051267e+000
1.901017526650663e-002	1.129970e+000
1.907809795365864e-002	1.201275e+000
1.919821514115864e-002	1.246643e+000
1.931833232865864e-002	1.231915e+000
1.943844951615864e-002	1.184143e+000
1.955102143698891e-002	1.131790e+000
1.967113862448891e-002	1.078241e+000
1.979125581198891e-002	1.029672e+000
1.991137299948892e-002	9.857469e-001
2.003149018698892e-002	9.454727e-001
2.015160737448892e-002	9.081244e-001
2.027172456198892e-002	8.733681e-001
2.051195893698892e-002	8.114552e-001
2.075219331198892e-002	7.600753e-001
2.099242768698893e-002	7.196474e-001
2.123266206198893e-002	6.903191e-001
2.147289643698893e-002	6.720383e-001
2.171313081198893e-002	6.645980e-001
2.183324799948893e-002	6.648394e-001
2.195336518698893e-002	6.676495e-001
2.207348237448894e-002	6.729639e-001
2.219359956198894e-002	6.807109e-001
2.231371674948894e-002	6.908113e-001
2.255395112448894e-002	7.177233e-001
2.279418549948894e-002	7.529415e-001
2.303441987448894e-002	7.956220e-001
2.327465424948895e-002	8.448510e-001
2.339477143698895e-002	8.716204e-001
2.351488862448895e-002	8.996606e-001
2.363500581198895e-002	9.288449e-001
2.375512299948895e-002	9.590449e-001
2.387524018698895e-002	9.901316e-001
2.411547456198895e-002	1.054447e+000
2.435570893698896e-002	1.120757e+000
2.459594331198896e-002	1.188044e+000
2.464237998170482e-002	1.201114e+000
2.468881665142068e-002	1.214159e+000
2.473525332113655e-002	1.227176e+000
2.478168999085241e-002	1.240167e+000
2.482812666056827e-002	1.253132e+000
2.487456333028414e-002	1.266071e+000
2.492100000000000e-002	1.278983e+000
2.492100660556726e-002	1.278984e+000
2.492101088266304e-002	1.278983e+000
2.492101520030290e-002	1.278981e+000
2.492102197532800e-002	1.278974e+000
2.492102965400335e-002	1.278960e+000
2.492103989761304e-002	1.278930e+000
2.492104915570322e-002	1.278893e+000
2.492106329053474e-002	1.278820e+000
2.492108261200954e-002	1.278707e+000
2.492110370623694e-002	1.278585e+000
2.492112593469558e-002	1.278473e+000
2.492114980013804e-002	1.278388e+000
2.492117905434112e-002	1.278332e+000
2.492121471172927e-002	1.278313e+000
2.492129101962129e-002	1.278349e+000
2.492139230253253e-002	1.278384e+000
2.492149358544378e-002	1.278417e+000
2.492159486835502e-002	1.278448e+000
2.492169615126627e-002	1.278477e+000
2.492179743417751e-002	1.278504e+000
2.492189871708875e-002	1.278529e+000
2.492200000000000e-002	1.278552e+000
2.492200265009757e-002	1.278553e+000
2.492200795029271e-002	1.278556e+000
2.492201855068298e-002	1.278569e+000
2.492203063441401e-002	1.278596e+000
2.492204433182679e-002	1.278647e+000
2.492205882247950e-002	1.278721e+000
2.492207400609206e-002	1.278814e+000
2.492209035459241e-002	1.278921e+000
2.492211051863320e-002	1.279050e+000
2.492212098694372e-002	1.279110e+000
2.492213047337613e-002	1.279157e+000
2.492214261408745e-002	1.279209e+000
2.492215379808177e-002	1.279247e+000
2.492216690094082e-002	1.279282e+000
2.492217947361189e-002	1.279305e+000
2.492219458574236e-002	1.279324e+000
2.492222590021006e-002	1.279339e+000
2.492224119179491e-002	1.279339e+000
2.492225639442196e-002	1.279338e+000
2.492227189095218e-002	1.279336e+000
2.492228957434590e-002	1.279335e+000
2.492231109190029e-002	1.279335e+000
2.492246222258243e-002	1.279361e+000
2.492367770827636e-002	1.279561e+000
2.492489319397029e-002	1.279637e+000
2.492610867966422e-002	1.279588e+000
2.492732416535815e-002	1.279416e+000
2.492853965105208e-002	1.279119e+000
2.492975513674601e-002	1.278698e+000
2.493097062243994e-002	1.278153e+000
2.493861027554942e-002	1.272267e+000
2.495388958176839e-002	1.249369e+000
2.498444819420633e-002	1.175452e+000
2.502771562325941e-002	1.035239e+000
2.507013630031738e-002	8.775986e-001
2.511822851814047e-002	6.980589e-001
2.516703104180701e-002	5.346900e-001
2.522293741277636e-002	3.823828e-001
2.528121507002075e-002	2.667581e-001
2.534886330253218e-002	1.816408e-001
2.541206929027426e-002	1.401726e-001
2.546771020297218e-002	1.281346e-001
2.550909059425911e-002	1.305348e-001
2.554012309654508e-002	1.373853e-001
2.556665452847498e-002	1.457540e-001
2.558979123167686e-002	1.544337e-001
2.561035424840980e-002	1.630061e-001
2.563128351875729e-002	1.723750e-001
2.565376258733230e-002	1.829756e-001
2.568078094042282e-002	1.962297e-001
2.571375910636692e-002	2.128535e-001
2.575543378224232e-002	2.341305e-001
2.580750843775698e-002	2.605620e-001
2.587406755713505e-002	2.934044e-001
2.596014064659759e-002	3.336531e-001
2.607826091541882e-002	3.850284e-001
2.619837810291882e-002	4.332325e-001
2.631849529041882e-002	4.777464e-001
2.643861247791882e-002	5.191209e-001
2.655872966541882e-002	5.576418e-001
2.667884685291883e-002	5.933777e-001
2.679896404041883e-002	6.262904e-001
2.691908122791883e-002	6.563107e-001
2.715931560291883e-002	7.074382e-001
2.739954997791883e-002	7.464619e-001
2.763978435291883e-002	7.733271e-001
2.788001872791884e-002	7.881661e-001
2.800013591541884e-002	7.911619e-001
2.812025310291884e-002	7.912738e-001
2.824037029041884e-002	7.885625e-001
2.836048747791884e-002	7.830971e-001
2.848060466541884e-002	7.749556e-001
2.860072185291884e-002	7.642233e-001
2.872083904041884e-002	7.509934e-001
2.896107341541885e-002	7.174467e-001
2.920130779041885e-002	6.751894e-001
2.944154216541885e-002	6.251813e-001
2.956165935291885e-002	5.975901e-001
2.968177654041885e-002	5.684516e-001
2.980189372791885e-002	5.379025e-001
2.992201091541885e-002	5.060813e-001
3.004212810291886e-002	4.731284e-001
3.016224529041886e-002	4.391853e-001
3.028236247791886e-002	4.043939e-001
3.052259685291886e-002	3.328333e-001
3.064271404041886e-002	2.963462e-001
3.076283122791886e-002	2.595739e-001
3.088294841541886e-002	2.226533e-001
3.100306560291886e-002	1.857047e-001
3.103119908821617e-002	1.770469e-001
3.105933257351348e-002	1.684026e-001
3.108746605881078e-002	1.597719e-001
3.111559954410808e-002	1.511548e-001
3.114373302940539e-002	1.425512e-001
3.117186651470269e-002	1.339613e-001
3.120000000000000e-002	1.253849e-001
3.120000660556481e-002	1.253837e-001
3.120001089137607e-002	1.253840e-001
3.120001520338190e-002	1.253859e-001
3.120002199392172e-002	1.253929e-001
3.120002966874902e-002	1.254072e-001
3.120003990122374e-002	1.254368e-001
3.120004914814415e-002	1.254741e-001
3.120006331777212e-002	1.255466e-001
3.120008261859654e-002	1.256585e-001
3.120010369085531e-002	1.257805e-001
3.120012589023232e-002	1.258911e-001
3.120014973869916e-002	1.259755e-001
3.120017898343497e-002	1.260303e-001
3.120021458072530e-002	1.260475e-001
3.120025111938797e-002	1.260345e-001
3.120029068615996e-002	1.260097e-001
3.120038862450044e-002	1.259657e-001
3.120065545963882e-002	1.258865e-001
3.120100000000000e-002	1.257871e-001
3.120101046723797e-002	1.257812e-001
3.120102093447594e-002	1.257650e-001
3.120103140171391e-002	1.257383e-001
3.120104186895188e-002	1.257013e-001
3.120105233618985e-002	1.256538e-001
3.120106280342782e-002	1.255960e-001
3.120107327066578e-002	1.255278e-001
3.120108959698085e-002	1.254209e-001
3.120110933900522e-002	1.252947e-001
3.120112016624571e-002	1.252315e-001
3.120114198548998e-002	1.251300e-001
3.120116609109852e-002	1.250560e-001
3.120118104626078e-002	1.250333e-001
3.120119600142304e-002	1.250153e-001
3.120121095658530e-002	1.250021e-001
3.120122591174756e-002	1.249936e-001
3.120124086690982e-002	1.249899e-001
3.120125582207207e-002	1.249909e-001
3.120127077723433e-002	1.249967e-001
3.120138357618819e-002	1.249778e-001
3.120149637514206e-002	1.249576e-001
3.120160917409592e-002	1.249360e-001
3.120172197304978e-002	1.249130e-001
3.120183477200364e-002	1.248886e-001
3.120194757095750e-002	1.248628e-001
3.120206036991137e-002	1.248356e-001
3.120297815435852e-002	1.246927e-001
3.120393465354578e-002	1.246213e-001
3.120584765192029e-002	1.247203e-001
3.120967364866932e-002	1.258320e-001
3.121732564216738e-002	1.314015e-001
3.123262962916350e-002	1.530416e-001
3.125846463026440e-002	2.104883e-001
3.128626346948949e-002	2.937300e-001
3.131901343653607e-002	4.100858e-001
3.135076543232467e-002	5.305892e-001
3.138725742290918e-002	6.681551e-001
3.142256735968834e-002	7.930393e-001
3.145517503762809e-002	8.963526e-001
3.148999059958003e-002	9.917716e-001
3.152248348700906e-002	1.064911e+000
3.156988114392628e-002	1.144287e+000
3.163804962661531e-002	1.211479e+000
3.175816681411531e-002	1.248424e+000
3.187828400161531e-002	1.225341e+000
3.199840118911530e-002	1.169398e+000
3.211167238453879e-002	1.109224e+000
3.223178957203879e-002	1.047985e+000
3.235190675953879e-002	9.919989e-001
3.247202394703878e-002	9.409436e-001
3.259214113453878e-002	8.938450e-001
3.271225832203878e-002	8.499973e-001
3.283237550953878e-002	8.090847e-001
3.295249269703877e-002	7.710495e-001
3.307260988453877e-002	7.359493e-001
3.319272707203877e-002	7.038687e-001
3.331284425953877e-002	6.748810e-001
3.343296144703876e-002	6.490379e-001
3.355307863453876e-002	6.263710e-001
3.367319582203876e-002	6.068957e-001
3.379331300953876e-002	5.906136e-001
3.391343019703876e-002	5.775148e-001
3.403354738453875e-002	5.675782e-001
3.415366457203875e-002	5.607722e-001
3.427378175953875e-002	5.570548e-001
3.439389894703875e-002	5.563740e-001
3.451401613453874e-002	5.586680e-001
3.463413332203874e-002	5.638658e-001
3.475425050953874e-002	5.718876e-001
3.487436769703874e-002	5.826451e-001
3.499448488453873e-002	5.960419e-001
3.511460207203873e-002	6.119747e-001
3.535483644703873e-002	6.510001e-001
3.559507082203872e-002	6.987658e-001
3.583530519703872e-002	7.542326e-001
3.595542238453871e-002	7.845110e-001
3.607553957203871e-002	8.162967e-001
3.619565675953871e-002	8.494444e-001
3.631577394703871e-002	8.838072e-001
3.643589113453871e-002	9.192368e-001
3.655600832203870e-002	9.555845e-001
3.679624269703870e-002	1.030439e+000
3.703647707203869e-002	1.107185e+000
3.727671144703869e-002	1.184675e+000
3.748100000000000e-002	1.250381e+000
3.748100660556628e-002	1.250382e+000
3.748101088185269e-002	1.250382e+000
3.748101519952524e-002	1.250380e+000
3.748102197308035e-002	1.250373e+000
3.748102965150357e-002	1.250359e+000
3.748103989463384e-002	1.250330e+000
3.748104915261361e-002	1.250293e+000
3.748106328298782e-002	1.250221e+000
3.748108260432088e-002	1.250109e+000
3.748110369790771e-002	1.249987e+000
3.748112592556213e-002	1.249877e+000
3.748114978916500e-002	1.249792e+000
3.748117904002475e-002	1.249738e+000
3.748121469567987e-002	1.249720e+000
3.748125136740695e-002	1.249734e+000
3.748133056424233e-002	1.249781e+000
3.748153927510901e-002	1.249851e+000
3.748177248280378e-002	1.249924e+000
3.748200000000000e-002	1.249992e+000
3.748200265137078e-002	1.249993e+000
3.748200795411233e-002	1.249997e+000
3.748201855959543e-002	1.250010e+000
3.748203139811446e-002	1.250041e+000
3.748204624350694e-002	1.250098e+000
3.748206028936708e-002	1.250173e+000
3.748207573519366e-002	1.250269e+000
3.748209186977718e-002	1.250375e+000
3.748211356084329e-002	1.250512e+000
3.748212336900381e-002	1.250568e+000
3.748213274021807e-002	1.250614e+000
3.748214474184520e-002	1.250664e+000
3.748215618950396e-002	1.250702e+000
3.748216936773442e-002	1.250735e+000
3.748218216413744e-002	1.250758e+000
3.748221385353889e-002	1.250785e+000
3.748224436665538e-002	1.250790e+000
3.748227510960336e-002	1.250788e+000
3.748229331917613e-002	1.250788e+000
3.748235272694678e-002	1.250794e+000
3.748240146790114e-002	1.250806e+000
3.748245020885550e-002	1.250818e+000
3.748249894980986e-002	1.250831e+000
3.748254769076422e-002	1.250843e+000
3.748259643171858e-002	1.250855e+000
3.748264517267294e-002	1.250867e+000
3.748269391362730e-002	1.250879e+000
3.748461294289070e-002	1.251165e+000
3.748653197215408e-002	1.251151e+000
3.748845100141748e-002	1.250839e+000
3.749037003068087e-002	1.250229e+000
3.749228905994426e-002	1.249319e+000
3.749420808920765e-002	1.248111e+000
3.749612711847104e-002	1.246605e+000
3.750934322930625e-002	1.230017e+000
3.753577545097666e-002	1.173231e+000
3.757566606754251e-002	1.052920e+000
3.761803951798741e-002	9.005484e-001
3.766412613090071e-002	7.284766e-001
3.771247701811920e-002	5.618188e-001
3.776597280338119e-002	4.076238e-001
3.782306681992434e-002	2.838258e-001
3.788702750752720e-002	1.934595e-001
3.796042579757065e-002	1.378497e-001
3.801771800287953e-002	1.224448e-001
3.806036289620671e-002	1.246554e-001
3.809181837652031e-002	1.318781e-001
3.811750605551418e-002	1.403906e-001
3.813879534975549e-002	1.487632e-001
3.815550256697643e-002	1.560368e-001
3.817321787789602e-002	1.642998e-001
3.819246578861033e-002	1.737445e-001
3.821220300589241e-002	1.838207e-001
3.823070576195022e-002	1.935616e-001
3.825334138512578e-002	2.057594e-001
3.828399609457971e-002	2.225355e-001
3.832539624559607e-002	2.453055e-001
3.837877763493659e-002	2.743510e-001
3.844800958539940e-002	3.108516e-001
3.853878280097538e-002	3.561554e-001
3.865889998847538e-002	4.119988e-001
3.877901717597538e-002	4.636989e-001
3.889913436347538e-002	5.116367e-001
3.901925155097537e-002	5.563250e-001
3.913936873847537e-002	5.979942e-001
3.925948592597537e-002	6.366789e-001
3.937960311347537e-002	6.723231e-001
3.949972030097537e-002	7.048500e-001
3.973995467597536e-002	7.603028e-001
3.998018905097536e-002	8.027233e-001
4.022042342597535e-002	8.320503e-001
4.046065780097535e-002	8.484204e-001
4.058077498847534e-002	8.518376e-001
4.070089217597534e-002	8.521458e-001
4.082100936347534e-002	8.494095e-001
4.094112655097534e-002	8.437029e-001
4.106124373847533e-002	8.351091e-001
4.118136092597533e-002	8.237196e-001
4.130147811347533e-002	8.096343e-001
4.142159530097533e-002	7.929602e-001
4.166182967597532e-002	7.523090e-001
4.190206405097532e-002	7.027528e-001
4.214229842597531e-002	6.453626e-001
4.226241561347531e-002	6.140829e-001
4.238253280097531e-002	5.812750e-001
4.250264998847531e-002	5.470883e-001
4.262276717597530e-002	5.116737e-001
4.274288436347530e-002	4.751835e-001
4.286300155097530e-002	4.377704e-001
4.310323592597529e-002	3.607867e-001
4.322335311347529e-002	3.215200e-001
4.334347030097529e-002	2.819369e-001
4.346358748847529e-002	2.421853e-001
4.363988281250000e-002	1.837909e-001
4.376000000000000e-002	1.441923e-001
4.376000681005139e-002	1.441907e-001
4.376001030970827e-002	1.441909e-001
4.376001642594762e-002	1.441936e-001
4.376002232685082e-002	1.442001e-001
4.376003143780048e-002	1.442179e-001
4.376004032808977e-002	1.442445e-001
4.376005089665112e-002	1.442883e-001
4.376006468896683e-002	1.443599e-001
4.376008590749290e-002	1.444832e-001
4.376010782864243e-002	1.446076e-001
4.376013027291288e-002	1.447138e-001
4.376015478606193e-002	1.447923e-001
4.376018547755792e-002	1.448400e-001
4.376022140623446e-002	1.448491e-001
4.376025625778416e-002	1.448329e-001
4.376029620556893e-002	1.448066e-001
4.376039674763051e-002	1.447676e-001
4.376049728969210e-002	1.447304e-001
4.376059783175368e-002	1.446949e-001
4.376069837381526e-002	1.446612e-001
4.376079891587684e-002	1.446292e-001
4.376089945793842e-002	1.445990e-001
4.376100000000000e-002	1.445705e-001
4.376101058790579e-002	1.445641e-001
4.376102117581158e-002	1.445472e-001
4.376103176371737e-002	1.445198e-001
4.376104235162315e-002	1.444817e-001
4.376105293952894e-002	1.444330e-001
4.376106352743472e-002	1.443737e-001
4.376107411534051e-002	1.443039e-001
4.376109057381088e-002	1.441958e-001
4.376111067417417e-002	1.440674e-001
4.376112115483008e-002	1.440066e-001
4.376114283439827e-002	1.439067e-001
4.376116707969895e-002	1.438331e-001
4.376117962687541e-002	1.438090e-001
4.376121078098449e-002	1.437940e-001
4.376124193509356e-002	1.437814e-001
4.376127308920264e-002	1.437714e-001
4.376130424331171e-002	1.437640e-001
4.376133539742079e-002	1.437591e-001
4.376136655152987e-002	1.437567e-001
4.376139770563894e-002	1.437569e-001
4.376374618843458e-002	1.433741e-001
4.376609467123022e-002	1.434265e-001
4.376844315402586e-002	1.439142e-001
4.377079163682150e-002	1.448372e-001
4.377314011961714e-002	1.461955e-001
4.377548860241278e-002	1.479890e-001
4.377783708520842e-002	1.502177e-001
4.379327010284773e-002	1.720178e-001
4.381850489974956e-002	2.278678e-001
4.384627383825405e-002	3.104813e-001
4.387845847226496e-002	4.239792e-001
4.391018540688108e-002	5.436284e-001
4.394608986176010e-002	6.782697e-001
4.398125495670770e-002	8.021898e-001
4.401349872184622e-002	9.041784e-001
4.404784527394454e-002	9.983454e-001
4.407999012763538e-002	1.070877e+000
4.412724244418568e-002	1.150425e+000
4.419447794606889e-002	1.217362e+000
4.431223121306725e-002	1.254076e+000
4.443234840056724e-002	1.230328e+000
4.455246558806724e-002	1.172576e+000
4.466595037213517e-002	1.109830e+000
4.478606755963517e-002	1.045758e+000
4.490618474713517e-002	9.869760e-001
4.502630193463517e-002	9.332458e-001
4.514641912213516e-002	8.836027e-001
4.526653630963516e-002	8.373291e-001
4.538665349713516e-002	7.940993e-001
4.550677068463516e-002	7.538525e-001
4.562688787213515e-002	7.166484e-001
4.574700505963515e-002	6.825759e-001
4.586712224713515e-002	6.517135e-001
4.598723943463515e-002	6.241174e-001
4.610735662213514e-002	5.998234e-001
4.622747380963514e-002	5.788498e-001
4.634759099713514e-002	5.612012e-001
4.646770818463514e-002	5.468695e-001
4.658782537213514e-002	5.358354e-001
4.670794255963513e-002	5.280684e-001
4.682805974713513e-002	5.235268e-001
4.694817693463513e-002	5.221587e-001
4.706829412213513e-002	5.239021e-001
4.718841130963512e-002	5.286847e-001
4.730852849713512e-002	5.364256e-001
4.742864568463512e-002	5.470344e-001
4.754876287213512e-002	5.604128e-001
4.766888005963511e-002	5.764545e-001
4.778899724713511e-002	5.950460e-001
4.802923162213511e-002	6.393920e-001
4.826946599713510e-002	6.924192e-001
4.838958318463510e-002	7.218437e-001
4.850970037213510e-002	7.530169e-001
4.862981755963509e-002	7.857908e-001
4.874993474713509e-002	8.200146e-001
4.887005193463509e-002	8.555356e-001
4.899016912213509e-002	8.921999e-001
4.911028630963508e-002	9.298524e-001
4.935052068463508e-002	1.007502e+000
4.959075505963508e-002	1.087252e+000
4.983098943463507e-002	1.167896e+000
5.004100000000000e-002	1.238278e+000
5.004100660556620e-002	1.238280e+000
5.004101088165085e-002	1.238279e+000
5.004101519931588e-002	1.238278e+000
5.004102197250570e-002	1.238271e+000
5.004102965084784e-002	1.238257e+000
5.004103989380039e-002	1.238228e+000
5.004104915170814e-002	1.238191e+000
5.004106328092778e-002	1.238119e+000
5.004108260215613e-002	1.238007e+000
5.004110369549623e-002	1.237886e+000
5.004112592288323e-002	1.237776e+000
5.004114978592041e-002	1.237692e+000
5.004117903582644e-002	1.237637e+000
5.004121469080687e-002	1.237621e+000
5.004125136265408e-002	1.237635e+000
5.004133055761003e-002	1.237683e+000
5.004153925778901e-002	1.237756e+000
5.004177246309927e-002	1.237832e+000
5.004200000000000e-002	1.237903e+000
5.004200265126765e-002	1.237904e+000
5.004200795380295e-002	1.237908e+000
5.004201855887355e-002	1.237921e+000
5.004203073462792e-002	1.237950e+000
5.004204447390806e-002	1.238002e+000
5.004205895755500e-002	1.238077e+000
5.004207413665091e-002	1.238171e+000
5.004209049585870e-002	1.238279e+000
5.004211074171520e-002	1.238409e+000
5.004212115430728e-002	1.238469e+000
5.004213063070008e-002	1.238517e+000
5.004214275951008e-002	1.238569e+000
5.004215396586031e-002	1.238608e+000
5.004216707445153e-002	1.238643e+000
5.004217966638490e-002	1.238667e+000
5.004221083416775e-002	1.238698e+000
5.004224143544886e-002	1.238704e+000
5.004227213937208e-002	1.238703e+000
5.004231146928331e-002	1.238704e+000
5.004237185554027e-002	1.238717e+000
5.004243224179723e-002	1.238731e+000
5.004249262805418e-002	1.238746e+000
5.004255301431113e-002	1.238761e+000
5.004261340056809e-002	1.238777e+000
5.004267378682505e-002	1.238793e+000
5.004273417308200e-002	1.238810e+000
5.004501370889705e-002	1.239133e+000
5.004729324471209e-002	1.239049e+000
5.004957278052714e-002	1.238557e+000
5.005185231634218e-002	1.237656e+000
5.005413185215723e-002	1.236348e+000
5.005641138797227e-002	1.234631e+000
5.005869092378732e-002	1.232506e+000
5.007387543023367e-002	1.210587e+000
5.010424444312635e-002	1.138957e+000
5.014706171988204e-002	1.002853e+000
5.018919487311105e-002	8.487137e-001
5.023678165848618e-002	6.734055e-001
5.028520611847702e-002	5.131396e-001
5.034045511676587e-002	3.641347e-001
5.039804486406280e-002	2.509548e-001
5.046442057568838e-002	1.683491e-001
5.052645851101765e-002	1.284007e-001
5.058016439502708e-002	1.175772e-001
5.062127337323514e-002	1.208116e-001
5.065251784866415e-002	1.285130e-001
5.067809190214742e-002	1.373449e-001
5.069910090205363e-002	1.459279e-001
5.072032912660265e-002	1.555733e-001
5.074519730462615e-002	1.677426e-001
5.076947813951370e-002	1.802888e-001
5.079261802998017e-002	1.927205e-001
5.081548523059965e-002	2.053262e-001
5.084259396544411e-002	2.205064e-001
5.088078213140138e-002	2.420028e-001
5.093099134968447e-002	2.700162e-001
5.099758395451019e-002	3.061508e-001
5.108416671501409e-002	3.507924e-001
5.120428390251409e-002	4.086412e-001
5.132440109001409e-002	4.622762e-001
5.144451827751408e-002	5.120229e-001
5.156463546501408e-002	5.584221e-001
5.168475265251408e-002	6.017323e-001
5.180486984001408e-002	6.420020e-001
5.192498702751407e-002	6.791793e-001
5.204510421501407e-002	7.131845e-001
5.228533859001407e-002	7.714117e-001
5.252557296501406e-002	8.163357e-001
5.276580734001406e-002	8.478695e-001
5.300604171501405e-002	8.661311e-001
5.312615890251405e-002	8.703713e-001
5.324627609001405e-002	8.714191e-001
5.336639327751405e-002	8.693381e-001
5.348651046501404e-002	8.642018e-001
5.360662765251404e-002	8.560932e-001
5.372674484001404e-002	8.451039e-001
5.384686202751404e-002	8.313339e-001
5.396697921501403e-002	8.148913e-001
5.420721359001403e-002	7.744550e-001
5.444744796501402e-002	7.247924e-001
5.468768234001402e-002	6.669896e-001
5.480779952751402e-002	6.353945e-001
5.492791671501401e-002	6.022019e-001
5.504803390251401e-002	5.675639e-001
5.516815109001401e-002	5.316346e-001
5.528826827751401e-002	4.945694e-001
5.540838546501400e-002	4.565244e-001
5.564861984001400e-002	3.781199e-001
5.576873702751400e-002	3.380716e-001
5.588885421501399e-002	2.976644e-001
5.600897140251399e-002	2.570500e-001
5.612908859001399e-002	2.163641e-001
5.615636164858342e-002	2.071184e-001
5.618363470715285e-002	1.978838e-001
5.621090776572228e-002	1.886605e-001
5.623818082429171e-002	1.794483e-001
5.626545388286114e-002	1.702473e-001
5.629272694143057e-002	1.610576e-001
5.632000000000000e-002	1.518790e-001
5.632000660556303e-002	1.518776e-001
5.632001089082644e-002	1.518777e-001
5.632001520297157e-002	1.518795e-001
5.632002199250689e-002	1.518863e-001
5.632002966729957e-002	1.519004e-001
5.632003989986424e-002	1.519297e-001
5.632004914703184e-002	1.519666e-001
5.632006331395549e-002	1.520387e-001
5.632008261518882e-002	1.521500e-001
5.632010368764558e-002	1.522713e-001
5.632012588700044e-002	1.523812e-001
5.632014973499955e-002	1.524649e-001
5.632017897835044e-002	1.525188e-001
5.632021457627664e-002	1.525348e-001
5.632025111845831e-002	1.525207e-001
5.632029068580084e-002	1.524946e-001
5.632038861886131e-002	1.524476e-001
5.632065544973148e-002	1.523599e-001
5.632100000000000e-002	1.522496e-001
5.632101046721179e-002	1.522434e-001
5.632102093442358e-002	1.522268e-001
5.632103140163537e-002	1.521998e-001
5.632104186884717e-002	1.521624e-001
5.632105233605896e-002	1.521147e-001
5.632106280327075e-002	1.520565e-001
5.632107327048255e-002	1.519880e-001
5.632108959690292e-002	1.518806e-001
5.632110933888612e-002	1.517537e-001
5.632112016703739e-002	1.516901e-001
5.632114198710931e-002	1.515880e-001
5.632116609439992e-002	1.515132e-001
5.632118355906417e-002	1.514887e-001
5.632120102372842e-002	1.514694e-001
5.632121848839267e-002	1.514553e-001
5.632123595305691e-002	1.514464e-001
5.632125341772116e-002	1.514428e-001
5.632127088238540e-002	1.514443e-001
5.632128834704965e-002	1.514511e-001
5.632358011047611e-002	1.510421e-001
5.632587187390255e-002	1.510504e-001
5.632816363732901e-002	1.514760e-001
5.633045540075547e-002	1.523189e-001
5.633274716418192e-002	1.535790e-001
5.633503892760837e-002	1.552564e-001
5.633733069103483e-002	1.573511e-001
5.635263938830273e-002	1.783542e-001
5.637736208154143e-002	2.320768e-001
5.640499704128254e-002	3.133197e-001
5.643682864533813e-002	4.247410e-001
5.646853487133541e-002	5.439190e-001
5.650407143534966e-002	6.771731e-001
5.653920234184686e-002	8.013015e-001
5.657154188006338e-002	9.041031e-001
5.660583730480444e-002	9.988047e-001
5.663763810126964e-002	1.071322e+000
5.668394339370625e-002	1.150622e+000
5.674989850241184e-002	1.218641e+000
5.686315177908213e-002	1.257629e+000
5.698326896658213e-002	1.236189e+000
5.710338615408213e-002	1.179088e+000
5.721685501567581e-002	1.115673e+000
5.733697220317581e-002	1.050395e+000
5.745708939067581e-002	9.903483e-001
5.757720657817581e-002	9.354324e-001
5.769732376567580e-002	8.846955e-001
5.781744095317580e-002	8.373944e-001
5.793755814067580e-002	7.931794e-001
5.805767532817580e-002	7.519774e-001
5.817779251567579e-002	7.138445e-001
5.829790970317579e-002	6.788712e-001
5.841802689067579e-002	6.471385e-001
5.853814407817579e-002	6.187062e-001
5.865826126567578e-002	5.936127e-001
5.877837845317578e-002	5.718786e-001
5.889849564067578e-002	5.535103e-001
5.901861282817578e-002	5.385018e-001
5.913873001567577e-002	5.268350e-001
5.925884720317577e-002	5.184806e-001
5.937896439067577e-002	5.133983e-001
5.949908157817577e-002	5.115371e-001
5.961919876567576e-002	5.128356e-001
5.973931595317576e-002	5.172223e-001
5.985943314067576e-002	5.246164e-001
5.997955032817576e-002	5.349278e-001
6.009966751567576e-002	5.480583e-001
6.021978470317575e-002	5.639014e-001
6.033990189067575e-002	5.823433e-001
6.058013626567575e-002	6.265346e-001
6.082037064067574e-002	6.795949e-001
6.094048782817574e-002	7.091039e-001
6.106060501567574e-002	7.404052e-001
6.118072220317573e-002	7.733493e-001
6.130083939067573e-002	8.077842e-001
6.142095657817573e-002	8.435555e-001
6.154107376567573e-002	8.805073e-001
6.166119095317572e-002	9.184831e-001
6.178130814067572e-002	9.573259e-001
6.202154251567572e-002	1.036986e+000
6.214165970317571e-002	1.077492e+000
6.226177689067571e-002	1.118245e+000
6.231023733486490e-002	1.134763e+000
6.235869777905408e-002	1.151262e+000
6.240715822324327e-002	1.167741e+000
6.245561866743245e-002	1.184201e+000
6.250407911162163e-002	1.200641e+000
6.255253955581082e-002	1.217062e+000
6.260100000000000e-002	1.233464e+000
6.260100660556622e-002	1.233465e+000
6.260101088160380e-002	1.233465e+000
6.260101519926027e-002	1.233464e+000
6.260102197236597e-002	1.233457e+000
6.260102965068116e-002	1.233443e+000
6.260103989354343e-002	1.233414e+000
6.260104915140674e-002	1.233377e+000
6.260106328034869e-002	1.233305e+000
6.260108260150589e-002	1.233194e+000
6.260110369472166e-002	1.233072e+000
6.260112592201532e-002	1.232962e+000
6.260114978484171e-002	1.232878e+000
6.260117903443903e-002	1.232824e+000
6.260121468915809e-002	1.232807e+000
6.260125136095641e-002	1.232821e+000
6.260133055520745e-002	1.232870e+000
6.260153925159191e-002	1.232944e+000
6.260177245831992e-002	1.233021e+000
6.260200000000001e-002	1.233094e+000
6.260200795370909e-002	1.233098e+000
6.260201855865454e-002	1.233111e+000
6.260203050302700e-002	1.233139e+000
6.260204413401413e-002	1.233191e+000
6.260205863398691e-002	1.233265e+000
6.260207382391035e-002	1.233359e+000
6.260209015655184e-002	1.233467e+000
6.260211020368693e-002	1.233596e+000
6.260212074771225e-002	1.233657e+000
6.260213026035602e-002	1.233706e+000
6.260214240751773e-002	1.233758e+000
6.260215357509086e-002	1.233798e+000
6.260216666505933e-002	1.233833e+000
6.260217922518491e-002	1.233857e+000
6.260221026147943e-002	1.233888e+000
6.260224088078888e-002	1.233895e+000
6.260227158153803e-002	1.233894e+000
6.260231062486328e-002	1.233895e+000
6.260239459224448e-002	1.233915e+000
6.260247855962570e-002	1.233936e+000
6.260256252700690e-002	1.233957e+000
6.260264649438810e-002	1.233978e+000
6.260273046176930e-002	1.234000e+000
6.260281442915051e-002	1.234021e+000
6.260289839653171e-002	1.234044e+000
6.260403501492036e-002	1.234264e+000
6.260500661802836e-002	1.234364e+000
6.260694982424436e-002	1.234315e+000
6.261083623667636e-002	1.233278e+000
6.261856577490746e-002	1.227808e+000
6.263402485136965e-002	1.205516e+000
6.266494300429404e-002	1.132472e+000
6.270740023536703e-002	9.973605e-001
6.274981378993223e-002	8.421875e-001
6.279707012821401e-002	6.684147e-001
6.284578004271167e-002	5.076200e-001
6.290074219830169e-002	3.599290e-001
6.295855976519187e-002	2.468583e-001
6.302465177452839e-002	1.650135e-001
6.308586481732530e-002	1.257904e-001
6.313901054216842e-002	1.151260e-001
6.318030462659825e-002	1.183798e-001
6.321174245530183e-002	1.261561e-001
6.323744024169072e-002	1.351019e-001
6.325982869439159e-002	1.443613e-001
6.328336766161935e-002	1.552245e-001
6.331023307646574e-002	1.686125e-001
6.333695919389953e-002	1.826828e-001
6.336183958741271e-002	1.962819e-001
6.338650620996067e-002	2.100815e-001
6.341540204376113e-002	2.264436e-001
6.345712131698965e-002	2.500807e-001
6.351123570883394e-002	2.802868e-001
6.358418734455688e-002	3.196101e-001
6.367928481645561e-002	3.680595e-001
6.379940200395562e-002	4.250867e-001
6.391951919145562e-002	4.779942e-001
6.403963637895563e-002	5.271870e-001
6.415975356645563e-002	5.731212e-001
6.427987075395564e-002	6.159806e-001
6.439998794145564e-002	6.557731e-001
6.452010512895565e-002	6.924321e-001
6.464022231645565e-002	7.258774e-001
6.488045669145566e-002	7.828771e-001
6.512069106645567e-002	8.264597e-001
6.536092544145568e-002	8.565657e-001
6.560115981645569e-002	8.733368e-001
6.572127700395569e-002	8.768157e-001
6.584139419145570e-002	8.770952e-001
6.596151137895570e-002	8.742419e-001
6.608162856645571e-002	8.683323e-001
6.620174575395571e-002	8.594518e-001
6.632186294145571e-002	8.476951e-001
6.644198012895572e-002	8.331647e-001
6.656209731645572e-002	8.159711e-001
6.680233169145573e-002	7.740713e-001
6.704256606645574e-002	7.230120e-001
6.728280044145575e-002	6.638959e-001
6.740291762895576e-002	6.316803e-001
6.752303481645576e-002	5.978934e-001
6.764315200395576e-002	5.626892e-001
6.776326919145577e-002	5.262229e-001
6.788338637895577e-002	4.886515e-001
6.800350356645578e-002	4.501319e-001
6.824373794145579e-002	3.708779e-001
6.836385512895579e-002	3.304559e-001
6.848397231645580e-002	2.897103e-001
6.860408950395580e-002	2.487929e-001
6.875988281250001e-002	1.956714e-001
6.888000000000000e-002	1.548692e-001
6.888000773489146e-002	1.548675e-001
6.888001143554402e-002	1.548680e-001
6.888001736171047e-002	1.548712e-001
6.888002377289490e-002	1.548790e-001
6.888003294192743e-002	1.548984e-001
6.888004199291457e-002	1.549271e-001
6.888005266662287e-002	1.549733e-001
6.888006813656379e-002	1.550557e-001
6.888008970291502e-002	1.551816e-001
6.888011132161324e-002	1.553018e-001
6.888013416004739e-002	1.554046e-001
6.888015913096182e-002	1.554773e-001
6.888019184487543e-002	1.555193e-001
6.888022787133422e-002	1.555221e-001
6.888026236134402e-002	1.555033e-001
6.888030226591814e-002	1.554768e-001
6.888040194221555e-002	1.554384e-001
6.888050161851296e-002	1.554014e-001
6.888060129481037e-002	1.553658e-001
6.888070097110777e-002	1.553316e-001
6.888080064740518e-002	1.552988e-001
6.888090032370259e-002	1.552673e-001
6.888100000000000e-002	1.552373e-001
6.888104131581047e-002	1.551496e-001
6.888106581982800e-002	1.550249e-001
6.888108009848855e-002	1.549328e-001
6.888109973144031e-002	1.548036e-001
6.888111442282228e-002	1.547120e-001
6.888113403891397e-002	1.546098e-001
6.888115749728616e-002	1.545234e-001
6.888119873211751e-002	1.544514e-001
6.888122527684161e-002	1.544459e-001
6.888125182156570e-002	1.544409e-001
6.888127836628979e-002	1.544364e-001
6.888130491101388e-002	1.544324e-001
6.888133145573798e-002	1.544289e-001
6.888135800046207e-002	1.544259e-001
6.888138454518616e-002	1.544234e-001
6.888339307008477e-002	1.540414e-001
6.888540159498338e-002	1.539869e-001
6.888741011988199e-002	1.542598e-001
6.888941864478058e-002	1.548602e-001
6.889142716967919e-002	1.557881e-001
6.889343569457780e-002	1.570434e-001
6.889544421947641e-002	1.586262e-001
6.890899367475577e-002	1.753482e-001
6.893296321168130e-002	2.238699e-001
6.895957681451125e-002	2.987154e-001
6.899138685805444e-002	4.075676e-001
6.902252250185438e-002	5.237190e-001
6.905790295990597e-002	6.570256e-001
6.909266395459035e-002	7.815487e-001
6.912558257038359e-002	8.888096e-001
6.915646355805097e-002	9.772562e-001
6.918735118894492e-002	1.052022e+000
6.922647671209610e-002	1.126064e+000
6.928782704532034e-002	1.202921e+000
6.937971160280902e-002	1.254400e+000
6.949982879030903e-002	1.250808e+000
6.961994597780903e-002	1.202968e+000
6.973409464249292e-002	1.140563e+000
6.985421182999292e-002	1.073680e+000
6.997432901749293e-002	1.011410e+000
7.009444620499293e-002	9.544890e-001
7.021456339249294e-002	9.020905e-001
7.033468057999294e-002	8.533526e-001
7.045479776749294e-002	8.077942e-001
7.057491495499295e-002	7.652626e-001
7.069503214249295e-002	7.257822e-001
7.081514932999296e-002	6.894387e-001
7.093526651749296e-002	6.563198e-001
7.105538370499297e-002	6.264935e-001
7.117550089249297e-002	6.000059e-001
7.129561807999298e-002	5.768842e-001
7.141573526749298e-002	5.571399e-001
7.153585245499299e-002	5.407716e-001
7.165596964249299e-002	5.277658e-001
7.177608682999299e-002	5.180976e-001
7.189620401749300e-002	5.117306e-001
7.201632120499300e-002	5.086178e-001
7.213643839249301e-002	5.087014e-001
7.225655557999301e-002	5.119138e-001
7.237667276749302e-002	5.181772e-001
7.249678995499302e-002	5.274049e-001
7.261690714249303e-002	5.395013e-001
7.273702432999303e-002	5.543627e-001
7.285714151749304e-002	5.718777e-001
7.309737589249304e-002	6.143878e-001
7.333761026749305e-002	6.660082e-001
7.357784464249306e-002	7.256306e-001
7.369796182999307e-002	7.580773e-001
7.381807901749307e-002	7.920796e-001
7.393819620499308e-002	8.274834e-001
7.405831339249308e-002	8.641330e-001
7.417843057999309e-002	9.018713e-001
7.429854776749309e-002	9.405407e-001
7.453878214249310e-002	1.020043e+000
7.477901651749311e-002	1.101391e+000
7.504088281249999e-002	1.190771e+000
7.516099999999999e-002	1.231626e+000
7.516100712424299e-002	1.231627e+000
7.516101069692073e-002	1.231627e+000
7.516101674856755e-002	1.231624e+000
7.516102281739770e-002	1.231618e+000
7.516103194718179e-002	1.231599e+000
7.516104090415970e-002	1.231572e+000
7.516105151347269e-002	1.231528e+000
7.516106582208404e-002	1.231453e+000
7.516108717353248e-002	1.231329e+000
7.516110897483880e-002	1.231206e+000
7.516113158449357e-002	1.231100e+000
7.516115623430637e-002	1.231024e+000
7.516118756916969e-002	1.230978e+000
7.516122355825344e-002	1.230971e+000
7.516129823270625e-002	1.231014e+000
7.516139848517678e-002	1.231054e+000
7.516149873764731e-002	1.231092e+000
7.516159899011785e-002	1.231128e+000
7.516169924258839e-002	1.231163e+000
7.516179949505893e-002	1.231196e+000
7.516189974752946e-002	1.231227e+000
7.516199999999999e-002	1.231257e+000
7.516200284624638e-002	1.231258e+000
7.516200853873915e-002	1.231262e+000
7.516201992372469e-002	1.231277e+000
7.516203194251672e-002	1.231307e+000
7.516204550610660e-002	1.231360e+000
7.516206001125393e-002	1.231436e+000
7.516207532967066e-002	1.231532e+000
7.516209187738721e-002	1.231641e+000
7.516211276033312e-002	1.231774e+000
7.516212268064254e-002	1.231831e+000
7.516213208439387e-002	1.231878e+000
7.516214411871905e-002	1.231928e+000
7.516215549849178e-002	1.231967e+000
7.516216864411950e-002	1.232001e+000
7.516218138067389e-002	1.232024e+000
7.516222804597693e-002	1.232058e+000
7.516225860119827e-002	1.232059e+000
7.516229234029637e-002	1.232057e+000
7.516234999068576e-002	1.232064e+000
7.516240992237262e-002	1.232081e+000
7.516246985405947e-002	1.232097e+000
7.516252978574634e-002	1.232113e+000
7.516258971743318e-002	1.232129e+000
7.516264964912005e-002	1.232145e+000
7.516270958080690e-002	1.232160e+000
7.516276951249376e-002	1.232176e+000
7.516452049696286e-002	1.232472e+000
7.516627148143197e-002	1.232523e+000
7.516802246590107e-002	1.232327e+000
7.516977345037017e-002	1.231885e+000
7.517152443483927e-002	1.231197e+000
7.517327541930838e-002	1.230262e+000
7.517502640377748e-002	1.229082e+000
7.518629549306571e-002	1.216722e+000
7.520883367164219e-002	1.172759e+000
7.524699077599568e-002	1.064531e+000
7.528864294906865e-002	9.192513e-001
7.533411473984959e-002	7.498298e-001
7.538143322870196e-002	5.833583e-001
7.543390841455769e-002	4.256839e-001
7.548962892767498e-002	2.966649e-001
7.555182810452087e-002	1.993484e-001
7.562158721936436e-002	1.366007e-001
7.567540506677989e-002	1.161758e-001
7.572411801554474e-002	1.150372e-001
7.575922400895360e-002	1.215151e-001
7.578695855179141e-002	1.301774e-001
7.580994426924380e-002	1.391405e-001
7.583315294733423e-002	1.494621e-001
7.586013662572494e-002	1.625824e-001
7.588715424939692e-002	1.765836e-001
7.591276569100044e-002	1.904649e-001
7.594029783012381e-002	2.058163e-001
7.596786524730867e-002	2.214306e-001
7.600537576701842e-002	2.427664e-001
7.605536051256272e-002	2.709018e-001
7.612267239738926e-002	3.077036e-001
7.621068494554797e-002	3.533990e-001
7.633080213304798e-002	4.116553e-001
7.645091932054798e-002	4.657042e-001
7.657103650804799e-002	5.158850e-001
7.669115369554799e-002	5.627217e-001
7.681127088304800e-002	6.064567e-001
7.693138807054800e-002	6.471289e-001
7.705150525804801e-002	6.846815e-001
7.717162244554801e-002	7.190337e-001
7.741185682054802e-002	7.778676e-001
7.765209119554803e-002	8.232810e-001
7.789232557054804e-002	8.551860e-001
7.813255994554805e-002	8.737001e-001
7.825267713304805e-002	8.780226e-001
7.837279432054806e-002	8.791234e-001
7.849291150804806e-002	8.770670e-001
7.861302869554807e-002	8.719271e-001
7.873314588304807e-002	8.637875e-001
7.885326307054807e-002	8.527405e-001
7.897338025804808e-002	8.388868e-001
7.909349744554808e-002	8.223352e-001
7.921361463304809e-002	8.032018e-001
7.945384900804810e-002	7.576867e-001
7.969408338304811e-002	7.033941e-001
7.981420057054811e-002	6.733077e-001
7.993431775804812e-002	6.414566e-001
8.005443494554812e-002	6.079919e-001
8.017455213304812e-002	5.730671e-001
8.029466932054813e-002	5.368372e-001
8.041478650804813e-002	4.994593e-001
8.053490369554814e-002	4.610907e-001
8.077513807054815e-002	3.820123e-001
8.089525525804815e-002	3.416162e-001
8.101537244554816e-002	3.008560e-001
8.113548963304816e-002	2.598847e-001
8.125560682054817e-002	2.188382e-001
8.128194870332700e-002	2.098294e-001
8.130829058610584e-002	2.008309e-001
8.133463246888467e-002	1.918425e-001
8.136097435166349e-002	1.828644e-001
8.138731623444233e-002	1.738964e-001
8.141365811722116e-002	1.649387e-001
8.144000000000000e-002	1.559911e-001
8.144000640643982e-002	1.559895e-001
8.144000981196350e-002	1.559896e-001
8.144001603104732e-002	1.559920e-001
8.144002170878834e-002	1.559978e-001
8.144003081269866e-002	1.560149e-001
8.144003963223305e-002	1.560405e-001
8.144005017655454e-002	1.560832e-001
8.144006334190372e-002	1.561506e-001
8.144008444467647e-002	1.562725e-001
8.144010660190709e-002	1.563987e-001
8.144012887150616e-002	1.565055e-001
8.144015329442200e-002	1.565859e-001
8.144018327475897e-002	1.566350e-001
8.144021924313029e-002	1.566460e-001
8.144025467071568e-002	1.566299e-001
8.144029444031305e-002	1.566034e-001
8.144039523455404e-002	1.565629e-001
8.144049602879504e-002	1.565243e-001
8.144059682303603e-002	1.564875e-001
8.144069761727701e-002	1.564525e-001
8.144079841151801e-002	1.564194e-001
8.144089920575900e-002	1.563880e-001
8.144100000000000e-002	1.563585e-001
8.144101054741991e-002	1.563522e-001
8.144102109483981e-002	1.563353e-001
8.144103164225972e-002	1.563079e-001
8.144104218967961e-002	1.562700e-001
8.144105273709952e-002	1.562215e-001
8.144106328451942e-002	1.561625e-001
8.144107383193933e-002	1.560930e-001
8.144109024635433e-002	1.559850e-001
8.144111022121386e-002	1.558570e-001
8.144112081829022e-002	1.557952e-001
8.144114254489465e-002	1.556944e-001
8.144116674328975e-002	1.556201e-001
8.144118425677518e-002	1.555961e-001
8.144120177026062e-002	1.555771e-001
8.144121928374606e-002	1.555633e-001
8.144123679723149e-002	1.555546e-001
8.144125431071693e-002	1.555510e-001
8.144127182420237e-002	1.555525e-001
8.144128933768781e-002	1.555591e-001
8.144364119443887e-002	1.551382e-001
8.144599305118992e-002	1.551551e-001
8.144834490794098e-002	1.556096e-001
8.145069676469202e-002	1.565018e-001
8.145304862144308e-002	1.578317e-001
8.145540047819413e-002	1.595994e-001
8.145775233494519e-002	1.618047e-001
8.147340813784236e-002	1.836543e-001
8.149809363650724e-002	2.378731e-001
8.152590239872015e-002	3.201188e-001
8.155758898049637e-002	4.312783e-001
8.158939760545445e-002	5.508485e-001
8.162480905798430e-002	6.834109e-001
8.165997676134411e-002	8.073336e-001
8.169212637979086e-002	9.091941e-001
8.172622738373399e-002	1.003000e+000
8.175810219739006e-002	1.075316e+000
8.180502697326164e-002	1.155032e+000
8.187147717024229e-002	1.222412e+000
8.198637219306745e-002	1.259970e+000
8.210648938056746e-002	1.236982e+000
8.222660656806746e-002	1.178920e+000
8.234026860197728e-002	1.114965e+000
8.246038578947729e-002	1.049423e+000
8.258050297697729e-002	9.891502e-001
8.270062016447730e-002	9.339933e-001
8.282073735197730e-002	8.829976e-001
8.294085453947730e-002	8.354312e-001
8.306097172697731e-002	7.909557e-001
8.318108891447731e-002	7.495041e-001
8.330120610197732e-002	7.111360e-001
8.342132328947732e-002	6.759426e-001
8.354144047697733e-002	6.440057e-001
8.366155766447733e-002	6.153848e-001
8.378167485197734e-002	5.901185e-001
8.390179203947734e-002	5.682279e-001
8.402190922697735e-002	5.497195e-001
8.414202641447735e-002	5.345871e-001
8.426214360197736e-002	5.228132e-001
8.438226078947736e-002	5.143682e-001
8.450237797697736e-002	5.092120e-001
8.462249516447737e-002	5.072933e-001
8.474261235197737e-002	5.085505e-001
8.486272953947738e-002	5.129122e-001
8.498284672697738e-002	5.202972e-001
8.510296391447739e-002	5.306151e-001
8.522308110197739e-002	5.437673e-001
8.534319828947740e-002	5.596470e-001
8.546331547697740e-002	5.781398e-001
8.570354985197741e-002	6.224741e-001
8.594378422697742e-002	6.757287e-001
8.606390141447742e-002	7.053526e-001
8.618401860197743e-002	7.367797e-001
8.630413578947743e-002	7.698600e-001
8.642425297697744e-002	8.044405e-001
8.654437016447744e-002	8.403662e-001
8.666448735197745e-002	8.774807e-001
8.678460453947745e-002	9.156265e-001
8.690472172697746e-002	9.546458e-001
8.714495610197746e-002	1.034675e+000
8.726507328947747e-002	1.075373e+000
8.738519047697747e-002	1.116322e+000
8.743316326598069e-002	1.132752e+000
8.748113605498391e-002	1.149163e+000
8.752910884398713e-002	1.165556e+000
8.757708163299034e-002	1.181931e+000
8.762505442199356e-002	1.198288e+000
8.767302721099678e-002	1.214626e+000
8.772099999999999e-002	1.230946e+000
8.772100660556617e-002	1.230948e+000
8.772101088159555e-002	1.230947e+000
8.772101519924547e-002	1.230946e+000
8.772102197233657e-002	1.230939e+000
8.772102965064138e-002	1.230925e+000
8.772103989348838e-002	1.230896e+000
8.772104915133851e-002	1.230859e+000
8.772106328021981e-002	1.230787e+000
8.772108260135293e-002	1.230676e+000
8.772110369453834e-002	1.230554e+000
8.772112592178093e-002	1.230444e+000
8.772114978455736e-002	1.230361e+000
8.772117903407685e-002	1.230306e+000
8.772121468867965e-002	1.230290e+000
8.772125136033494e-002	1.230304e+000
8.772133055426717e-002	1.230353e+000
8.772153924927216e-002	1.230427e+000
8.772177245935542e-002	1.230504e+000
8.772199999999999e-002	1.230577e+000
8.772200795369076e-002	1.230582e+000
8.772201855861178e-002	1.230595e+000
8.772203038538717e-002	1.230623e+000
8.772204396108019e-002	1.230674e+000
8.772205846943257e-002	1.230748e+000
8.772207366465681e-002	1.230842e+000
8.772208998415101e-002	1.230950e+000
8.772210993375344e-002	1.231078e+000
8.772212054459586e-002	1.231140e+000
8.772213008023604e-002	1.231189e+000
8.772214223377761e-002	1.231242e+000
8.772215338437904e-002	1.231281e+000
8.772216646240746e-002	1.231317e+000
8.772217900891283e-002	1.231341e+000
8.772220998098759e-002	1.231373e+000
8.772224060893183e-002	1.231380e+000
8.772227130812706e-002	1.231379e+000
8.772231021338818e-002	1.231379e+000
8.772239370965873e-002	1.231400e+000
8.772247720592930e-002	1.231420e+000
8.772256070219985e-002	1.231441e+000
8.772264419847040e-002	1.231463e+000
8.772272769474095e-002	1.231484e+000
8.772281119101151e-002	1.231506e+000
8.772289468728206e-002	1.231528e+000
8.772400991103455e-002	1.231747e+000
8.772497140078468e-002	1.231851e+000
8.772689438028494e-002	1.231812e+000
8.773074033928546e-002	1.230813e+000
8.773843225728652e-002	1.225438e+000
8.775381609328863e-002	1.203425e+000
8.778458376529284e-002	1.131058e+000
8.782705828068543e-002	9.962277e-001
8.786937515320810e-002	8.415820e-001
8.791663567371259e-002	6.677772e-001
8.796523909575754e-002	5.071759e-001
8.802018230179735e-002	3.592450e-001
8.807787089086473e-002	2.460659e-001
8.814386902953249e-002	1.639540e-001
8.820510171346008e-002	1.244046e-001
8.825800626709826e-002	1.135948e-001
8.829951607647871e-002	1.167796e-001
8.833112038397920e-002	1.245662e-001
8.835692775333623e-002	1.336042e-001
8.838304295796610e-002	1.445187e-001
8.840686893225785e-002	1.556616e-001
8.843601008121506e-002	1.703998e-001
8.846299391294382e-002	1.847836e-001
8.848890281088429e-002	1.990929e-001
8.851458080967034e-002	2.135688e-001
8.854491487266541e-002	2.308285e-001
8.858956444171597e-002	2.561589e-001
8.864686641440035e-002	2.880413e-001
8.872497878213523e-002	3.297874e-001
8.882720798898949e-002	3.812305e-001
8.894732517648950e-002	4.374698e-001
8.906744236398950e-002	4.896707e-001
8.918755955148951e-002	5.382847e-001
8.930767673898951e-002	5.836993e-001
8.942779392648952e-002	6.260468e-001
8.954791111398952e-002	6.653094e-001
8.966802830148953e-002	7.014129e-001
8.978814548898953e-002	7.342783e-001
9.002837986398954e-002	7.900606e-001
9.026861423898955e-002	8.323732e-001
9.050884861398956e-002	8.611792e-001
9.062896580148956e-002	8.705605e-001
9.074908298898957e-002	8.766400e-001
9.086920017648957e-002	8.794656e-001
9.098931736398958e-002	8.790963e-001
9.110943455148958e-002	8.756007e-001
9.122955173898958e-002	8.690574e-001
9.134966892648959e-002	8.595542e-001
9.146978611398959e-002	8.471874e-001
9.158990330148960e-002	8.320618e-001
9.171002048898960e-002	8.142895e-001
9.195025486398961e-002	7.712885e-001
9.219048923898962e-002	7.192131e-001
9.231060642648963e-002	6.901178e-001
9.243072361398963e-002	6.591772e-001
9.255084080148963e-002	6.265404e-001
9.267095798898964e-002	5.923598e-001
9.279107517648964e-002	5.567898e-001
9.291119236398965e-002	5.199865e-001
9.303130955148965e-002	4.821073e-001
9.315142673898966e-002	4.433099e-001
9.339166111398967e-002	3.635910e-001
9.351177830148967e-002	3.229824e-001
9.363189548898968e-002	2.820807e-001
9.375201267648968e-002	2.410378e-001
9.389538870952062e-002	1.920242e-001
9.400000000000000e-002	1.564038e-001
9.400000594704402e-002	1.564024e-001
9.400001003540193e-002	1.564023e-001
9.400001419330399e-002	1.564036e-001
9.400002067314138e-002	1.564092e-001
9.400002804769483e-002	1.564213e-001
9.400003711972639e-002	1.564450e-001
9.400004671823121e-002	1.564805e-001
9.400005853988518e-002	1.565376e-001
9.400007801936915e-002	1.566475e-001
9.400009893680045e-002	1.567691e-001
9.400012137517687e-002	1.568854e-001
9.400014440735607e-002	1.569739e-001
9.400017232203088e-002	1.570345e-001
9.400020752111668e-002	1.570583e-001
9.400024708448863e-002	1.570469e-001
9.400028589584707e-002	1.570217e-001
9.400037807268022e-002	1.569748e-001
9.400063093640576e-002	1.568907e-001
9.400100000000000e-002	1.567710e-001
9.400101049649441e-002	1.567647e-001
9.400102099298882e-002	1.567480e-001
9.400103148948323e-002	1.567208e-001
9.400104198597765e-002	1.566832e-001
9.400105248247206e-002	1.566352e-001
9.400106297896647e-002	1.565767e-001
9.400107347546088e-002	1.565077e-001
9.400108983417345e-002	1.564001e-001
9.400110965897908e-002	1.562728e-001
9.400112040242041e-002	1.562098e-001
9.400114218822973e-002	1.561081e-001
9.400116632846163e-002	1.560335e-001
9.400118381069889e-002	1.560091e-001
9.400120129293613e-002	1.559899e-001
9.400121877517338e-002	1.559759e-001
9.400123625741062e-002	1.559670e-001
9.400125373964788e-002	1.559633e-001
9.400127122188512e-002	1.559648e-001
9.400128870412237e-002	1.559714e-001
9.400359973152818e-002	1.555532e-001
9.400591075893398e-002	1.555588e-001
9.400822178633979e-002	1.559883e-001
9.401053281374559e-002	1.568417e-001
9.401284384115140e-002	1.581190e-001
9.401515486855720e-002	1.598201e-001
9.401746589596301e-002	1.619451e-001
9.403289593893736e-002	1.831794e-001
9.405748235194326e-002	2.366868e-001
9.408515943871729e-002	3.180815e-001
9.411683920503709e-002	4.289049e-001
9.414857662644001e-002	5.481103e-001
9.418396422719808e-002	6.806917e-001
9.421908922198316e-002	8.047118e-001
9.425133473646870e-002	9.071738e-001
9.428550590944784e-002	1.001528e+000
9.431725771473770e-002	1.073947e+000
9.436366318560106e-002	1.153447e+000
9.442955684204581e-002	1.221424e+000
9.454256935341580e-002	1.260258e+000
9.466268654091581e-002	1.238618e+000
9.478280372841581e-002	1.181197e+000
9.489639631395465e-002	1.117329e+000
9.501651350145465e-002	1.051618e+000
9.513663068895466e-002	9.911400e-001
9.525674787645466e-002	9.358025e-001
9.537686506395467e-002	8.846553e-001
9.549698225145467e-002	8.369552e-001
9.561709943895468e-002	7.923524e-001
9.573721662645468e-002	7.507739e-001
9.585733381395468e-002	7.122768e-001
9.597745100145469e-002	6.769525e-001
9.609756818895469e-002	6.448830e-001
9.621768537645470e-002	6.161290e-001
9.633780256395470e-002	5.907296e-001
9.645791975145471e-002	5.687065e-001
9.657803693895471e-002	5.500667e-001
9.669815412645472e-002	5.348046e-001
9.681827131395472e-002	5.229027e-001
9.693838850145473e-002	5.143324e-001
9.705850568895473e-002	5.090533e-001
9.717862287645473e-002	5.070151e-001
9.729874006395474e-002	5.081564e-001
9.741885725145474e-002	5.124059e-001
9.753897443895475e-002	5.196829e-001
9.765909162645475e-002	5.298973e-001
9.777920881395476e-002	5.429507e-001
9.789932600145476e-002	5.587367e-001
9.801944318895477e-002	5.771410e-001
9.825967756395478e-002	6.213148e-001
9.849991193895478e-002	6.744318e-001
9.862002912645479e-002	7.039958e-001
9.874014631395479e-002	7.353693e-001
9.886026350145480e-002	7.684020e-001
9.898038068895480e-002	8.029412e-001
9.910049787645481e-002	8.388318e-001
9.922061506395481e-002	8.759174e-001
9.934073225145482e-002	9.140404e-001
9.946084943895482e-002	9.530432e-001
9.970108381395483e-002	1.033058e+000
9.982120100145484e-002	1.073757e+000
9.994131818895484e-002	1.114712e+000
9.998984416196129e-002	1.131337e+000
1.000383701349678e-001	1.147943e+000
1.000868961079742e-001	1.164531e+000
1.001354220809806e-001	1.181100e+000
1.001839480539871e-001	1.197651e+000
1.002324740269936e-001	1.214184e+000
1.002810000000000e-001	1.230699e+000
1.002810066055662e-001	1.230700e+000
1.002810108815958e-001	1.230700e+000
1.002810151992448e-001	1.230698e+000
1.002810219723365e-001	1.230692e+000
1.002810296506402e-001	1.230677e+000
1.002810398934753e-001	1.230648e+000
1.002810491513195e-001	1.230611e+000
1.002810632802016e-001	1.230540e+000
1.002810826013250e-001	1.230428e+000
1.002811036944954e-001	1.230307e+000
1.002811259217356e-001	1.230197e+000
1.002811497844952e-001	1.230113e+000
1.002811790339979e-001	1.230059e+000
1.002812146885855e-001	1.230042e+000
1.002812513602400e-001	1.230057e+000
1.002813305541355e-001	1.230105e+000
1.002815392489307e-001	1.230180e+000
1.002817724590797e-001	1.230257e+000
1.002820000000000e-001	1.230330e+000
1.002820079536861e-001	1.230335e+000
1.002820185586008e-001	1.230348e+000
1.002820303736091e-001	1.230375e+000
1.002820439437606e-001	1.230426e+000
1.002820584529546e-001	1.230501e+000
1.002820736487011e-001	1.230595e+000
1.002820899668919e-001	1.230703e+000
1.002821099068549e-001	1.230831e+000
1.002821205243887e-001	1.230893e+000
1.002821300623199e-001	1.230942e+000
1.002821422165170e-001	1.230994e+000
1.002821533654170e-001	1.231034e+000
1.002821664422657e-001	1.231069e+000
1.002821789874035e-001	1.231094e+000
1.002822099531172e-001	1.231125e+000
1.002822405819168e-001	1.231132e+000
1.002822712809611e-001	1.231131e+000
1.002823101725954e-001	1.231132e+000
1.002823936242627e-001	1.231152e+000
1.002824770759301e-001	1.231173e+000
1.002825605275974e-001	1.231194e+000
1.002826439792647e-001	1.231215e+000
1.002827274309321e-001	1.231237e+000
1.002828108825994e-001	1.231259e+000
1.002828943342668e-001	1.231281e+000
1.002840075970691e-001	1.231500e+000
1.002849681935405e-001	1.231604e+000
1.002868893864833e-001	1.231566e+000
1.002907317723688e-001	1.230570e+000
1.002984165441399e-001	1.225208e+000
1.003137860876820e-001	1.203236e+000
1.003445251747662e-001	1.130980e+000
1.003870078297302e-001	9.961693e-001
1.004293075433452e-001	8.416080e-001
1.004765740216534e-001	6.677725e-001
1.005251589348762e-001	5.072033e-001
1.005801043906280e-001	3.592178e-001
1.006377725105452e-001	2.460208e-001
1.007037631168368e-001	1.638592e-001
1.007650097056366e-001	1.242539e-001
1.008178892002476e-001	1.134207e-001
1.008594255463874e-001	1.165943e-001
1.008910498127752e-001	1.243801e-001
1.009168705205604e-001	1.334214e-001
1.009429967642931e-001	1.443425e-001
1.009669682615549e-001	1.555578e-001
1.009961739473144e-001	1.703366e-001
1.010233045794196e-001	1.848074e-001
1.010492870818913e-001	1.991654e-001
1.010750406937925e-001	2.136908e-001
1.011054380458064e-001	2.309919e-001
1.011501914673121e-001	2.563846e-001
1.012076361215537e-001	2.883438e-001
1.012859789803438e-001	3.301995e-001
1.013885661020335e-001	3.817975e-001
1.015086832895335e-001	4.380064e-001
1.016288004770335e-001	4.901808e-001
1.017489176645335e-001	5.387741e-001
1.018690348520335e-001	5.841707e-001
1.019891520395335e-001	6.265002e-001
1.021092692270335e-001	6.657439e-001
1.022293864145335e-001	7.018273e-001
1.023495036020335e-001	7.346711e-001
1.025897379770335e-001	7.904075e-001
1.028299723520335e-001	8.326710e-001
1.030702067270335e-001	8.614260e-001
1.031903239145336e-001	8.707811e-001
1.033104411020336e-001	8.768342e-001
1.034305582895336e-001	8.796334e-001
1.035506754770336e-001	8.792375e-001
1.036707926645336e-001	8.757154e-001
1.037909098520336e-001	8.691458e-001
1.039110270395336e-001	8.596164e-001
1.040311442270336e-001	8.472239e-001
1.041512614145336e-001	8.320730e-001
1.042713786020336e-001	8.142758e-001
1.045116129770336e-001	7.712269e-001
1.047518473520336e-001	7.191066e-001
1.048719645395336e-001	6.899900e-001
1.049920817270336e-001	6.590289e-001
1.051121989145336e-001	6.263727e-001
1.052323161020336e-001	5.921737e-001
1.053524332895336e-001	5.565863e-001
1.054725504770336e-001	5.197668e-001
1.055926676645336e-001	4.818724e-001
1.057127848520336e-001	4.430611e-001
1.059530192270337e-001	3.633178e-001
1.060731364145337e-001	3.226989e-001
1.061932536020337e-001	2.817880e-001
1.063133707895337e-001	2.407372e-001
1.064526724834327e-001	1.931058e-001
1.065600000000000e-001	1.565517e-001
1.065600066055628e-001	1.565503e-001
1.065600108907973e-001	1.565504e-001
1.065600152029603e-001	1.565521e-001
1.065600219924417e-001	1.565589e-001
1.065600296672448e-001	1.565730e-001
1.065600398998571e-001	1.566022e-001
1.065600491470688e-001	1.566391e-001
1.065600633138765e-001	1.567112e-001
1.065600826151808e-001	1.568223e-001
1.065601036877113e-001	1.569436e-001
1.065601258871114e-001	1.570535e-001
1.065601497351632e-001	1.571370e-001
1.065601789785283e-001	1.571908e-001
1.065602145766498e-001	1.572068e-001
1.065602511192140e-001	1.571925e-001
1.065602906867656e-001	1.571663e-001
1.065603886201035e-001	1.571189e-001
1.065606554539128e-001	1.570303e-001
1.065610000000000e-001	1.569188e-001
1.065610104672423e-001	1.569126e-001
1.065610209344847e-001	1.568959e-001
1.065610314017270e-001	1.568689e-001
1.065610418689694e-001	1.568315e-001
1.065610523362117e-001	1.567837e-001
1.065610628034541e-001	1.567255e-001
1.065610732706964e-001	1.566569e-001
1.065610895972016e-001	1.565495e-001
1.065611093393472e-001	1.564225e-001
1.065611201675590e-001	1.563589e-001
1.065611419877429e-001	1.562567e-001
1.065611660951112e-001	1.561818e-001
1.065611835598737e-001	1.561573e-001
1.065612010246363e-001	1.561379e-001
1.065612184893988e-001	1.561238e-001
1.065612359541614e-001	1.561149e-001
1.065612534189240e-001	1.561111e-001
1.065612708836865e-001	1.561126e-001
1.065612883484491e-001	1.561193e-001
1.065635802277392e-001	1.557024e-001
1.065658721070293e-001	1.557029e-001
1.065681639863195e-001	1.561207e-001
1.065704558656096e-001	1.569557e-001
1.065727477448997e-001	1.582081e-001
1.065750396241899e-001	1.598778e-001
1.065773315034800e-001	1.619648e-001
1.065926409673026e-001	1.828902e-001
1.066171837501065e-001	2.360610e-001
1.066447917647222e-001	3.170247e-001
1.066764745497695e-001	4.277048e-001
1.067081726454506e-001	5.467140e-001
1.067435540476440e-001	6.793252e-001
1.067786546816030e-001	8.033810e-001
1.068109451990482e-001	9.061331e-001
1.068451516975250e-001	1.000760e+000
1.068768436305368e-001	1.073233e+000
1.069229908819146e-001	1.152618e+000
1.069886116494793e-001	1.220888e+000
1.071007146506872e-001	1.260345e+000
1.072208318381872e-001	1.239380e+000
1.073409490256872e-001	1.182287e+000
1.074545101320502e-001	1.118468e+000
1.075746273195502e-001	1.052681e+000
1.076947445070502e-001	9.921079e-001
1.078148616945502e-001	9.366869e-001
1.079349788820502e-001	8.854706e-001
1.080550960695502e-001	8.377100e-001
1.081752132570502e-001	7.930498e-001
1.082953304445502e-001	7.514141e-001
1.084154476320502e-001	7.128585e-001
1.085355648195502e-001	6.774744e-001
1.086556820070502e-001	6.453443e-001
1.087757991945502e-001	6.165292e-001
1.088959163820502e-001	5.910684e-001
1.090160335695502e-001	5.689841e-001
1.091361507570502e-001	5.502833e-001
1.092562679445502e-001	5.349608e-001
1.093763851320502e-001	5.229993e-001
1.094965023195502e-001	5.143701e-001
1.096166195070503e-001	5.090334e-001
1.097367366945503e-001	5.069388e-001
1.098568538820503e-001	5.080252e-001
1.099769710695503e-001	5.122215e-001
1.100970882570503e-001	5.194469e-001
1.102172054445503e-001	5.296118e-001
1.103373226320503e-001	5.426177e-001
1.104574398195503e-001	5.583583e-001
1.105775570070503e-001	5.767195e-001
1.108177913820503e-001	6.208146e-001
1.110580257570503e-001	6.738634e-001
1.111781429445503e-001	7.033973e-001
1.112982601320503e-001	7.347434e-001
1.114183773195503e-001	7.677516e-001
1.115384945070503e-001	8.022690e-001
1.116586116945503e-001	8.381408e-001
1.117787288820503e-001	8.752104e-001
1.118988460695503e-001	9.133203e-001
1.120189632570503e-001	9.523127e-001
1.122591976320504e-001	1.032315e+000
1.123793148195504e-001	1.073013e+000
1.124994320070504e-001	1.113968e+000
1.125482274346146e-001	1.130687e+000
1.125970228621788e-001	1.147386e+000
1.126458182897431e-001	1.164068e+000
1.126946137173073e-001	1.180731e+000
1.127434091448715e-001	1.197376e+000
1.127922045724358e-001	1.214002e+000
1.128410000000000e-001	1.230611e+000
1.128410066055662e-001	1.230612e+000
1.128410108815961e-001	1.230612e+000
1.128410151992447e-001	1.230610e+000
1.128410219723371e-001	1.230604e+000
1.128410296506404e-001	1.230590e+000
1.128410398934699e-001	1.230560e+000
1.128410491513111e-001	1.230523e+000
1.128410632801947e-001	1.230452e+000
1.128410826013136e-001	1.230340e+000
1.128411036944772e-001	1.230219e+000
1.128411259217173e-001	1.230109e+000
1.128411497844693e-001	1.230025e+000
1.128411790339654e-001	1.229971e+000
1.128412146885469e-001	1.229955e+000
1.128412513602025e-001	1.229969e+000
1.128413305540846e-001	1.230018e+000
1.128415392487976e-001	1.230092e+000
1.128417724589447e-001	1.230169e+000
1.128420000000000e-001	1.230242e+000
1.128420079536841e-001	1.230247e+000
1.128420185585962e-001	1.230260e+000
1.128420303693530e-001	1.230287e+000
1.128420439375020e-001	1.230338e+000
1.128420584470003e-001	1.230413e+000
1.128420736429351e-001	1.230507e+000
1.128420899606555e-001	1.230615e+000
1.128421098971410e-001	1.230743e+000
1.128421205170927e-001	1.230805e+000
1.128421300558514e-001	1.230854e+000
1.128421422102860e-001	1.230906e+000
1.128421533585707e-001	1.230946e+000
1.128421664349937e-001	1.230981e+000
1.128421789796367e-001	1.231006e+000
1.128422099430548e-001	1.231037e+000
1.128422405721625e-001	1.231044e+000
1.128422712711519e-001	1.231044e+000
1.128423101578700e-001	1.231044e+000
1.128423935935268e-001	1.231064e+000
1.128424770291837e-001	1.231085e+000
1.128425604648405e-001	1.231106e+000
1.128426439004974e-001	1.231127e+000
1.128427273361542e-001	1.231149e+000
1.128428107718111e-001	1.231171e+000
1.128428942074679e-001	1.231193e+000
1.128440067689945e-001	1.231412e+000
1.128449670475117e-001	1.231516e+000
1.128468876045461e-001	1.231478e+000
1.128507287186150e-001	1.230484e+000
1.128584109467528e-001	1.225126e+000
1.128737754030283e-001	1.203169e+000
1.129045043155792e-001	1.130952e+000
1.129469898914436e-001	9.961479e-001
1.129892835015784e-001	8.416163e-001
1.130365521256429e-001	6.677694e-001
1.130851304557450e-001	5.072114e-001
1.131400767363374e-001	3.592060e-001
1.131977375787900e-001	2.460023e-001
1.132637255314952e-001	1.638224e-001
1.133249764690855e-001	1.241971e-001
1.133778463590455e-001	1.133552e-001
1.134193924568268e-001	1.165244e-001
1.134510241573599e-001	1.243096e-001
1.134768498701309e-001	1.333520e-001
1.135029802796268e-001	1.442755e-001
1.135270048426935e-001	1.555170e-001
1.135562342259910e-001	1.703104e-001
1.135834184611916e-001	1.848129e-001
1.136094276460913e-001	1.991884e-001
1.136352086299047e-001	2.137315e-001
1.136656288302120e-001	2.310473e-001
1.137104191703146e-001	2.564619e-001
1.137679152815379e-001	2.884484e-001
1.138463410013991e-001	3.303429e-001
1.139490577444615e-001	3.819964e-001
1.140691749319615e-001	4.381936e-001
1.141892921194615e-001	4.903578e-001
1.143094093069615e-001	5.389431e-001
1.144295264944615e-001	5.843326e-001
1.145496436819615e-001	6.266550e-001
1.146697608694615e-001	6.658914e-001
1.147898780569615e-001	7.019669e-001
1.149099952444615e-001	7.348027e-001
1.151502296194615e-001	7.905217e-001
1.153904639944616e-001	8.327671e-001
1.156306983694616e-001	8.615031e-001
1.157508155569616e-001	8.708488e-001
1.158709327444616e-001	8.768923e-001
1.159910499319616e-001	8.796818e-001
1.161111671194616e-001	8.792764e-001
1.162312843069616e-001	8.757448e-001
1.163514014944616e-001	8.691659e-001
1.164715186819616e-001	8.596273e-001
1.165916358694616e-001	8.472257e-001
1.167117530569616e-001	8.320658e-001
1.168318702444616e-001	8.142599e-001
1.170721046194616e-001	7.711943e-001
1.173123389944616e-001	7.190585e-001
1.174324561819616e-001	6.899346e-001
1.175525733694616e-001	6.589667e-001
1.176726905569616e-001	6.263040e-001
1.177928077444616e-001	5.920988e-001
1.179129249319617e-001	5.565056e-001
1.180330421194617e-001	5.196807e-001
1.181531593069617e-001	4.817815e-001
1.182732764944617e-001	4.429656e-001
1.185135108694617e-001	3.632146e-001
1.186336280569617e-001	3.225925e-001
1.187537452444617e-001	2.816789e-001
1.188738624319617e-001	2.406258e-001
1.189090249416814e-001	2.285800e-001
1.189441874514012e-001	2.165484e-001
1.189793499611210e-001	2.045311e-001
1.190145124708407e-001	1.925280e-001
1.190496749805605e-001	1.805391e-001
1.190848374902803e-001	1.685644e-001
1.191200000000000e-001	1.566039e-001
1.191200071267093e-001	1.566026e-001
1.191200119410301e-001	1.566029e-001
1.191200163368677e-001	1.566052e-001
1.191200236404586e-001	1.566136e-001
1.191200315301026e-001	1.566297e-001
1.191200417977173e-001	1.566612e-001
1.191200512779481e-001	1.567013e-001
1.191200672394387e-001	1.567854e-001
1.191200871355088e-001	1.569009e-001
1.191201100680577e-001	1.570299e-001
1.191201317521602e-001	1.571298e-001
1.191201573966555e-001	1.572079e-001
1.191201881041776e-001	1.572515e-001
1.191202250299706e-001	1.572572e-001
1.191202598444257e-001	1.572394e-001
1.191202999352084e-001	1.572126e-001
1.191203999444644e-001	1.571733e-001
1.191204999537203e-001	1.571356e-001
1.191205999629763e-001	1.570995e-001
1.191206999722322e-001	1.570650e-001
1.191207999814881e-001	1.570321e-001
1.191208999907441e-001	1.570007e-001
1.191210000000000e-001	1.569710e-001
1.191210106470272e-001	1.569645e-001
1.191210212940545e-001	1.569472e-001
1.191210319410817e-001	1.569193e-001
1.191210425881090e-001	1.568808e-001
1.191210532351362e-001	1.568315e-001
1.191210638821634e-001	1.567715e-001
1.191210745291907e-001	1.567009e-001
1.191210910522060e-001	1.565922e-001
1.191211113465220e-001	1.564627e-001
1.191211216585855e-001	1.564031e-001
1.191211432710305e-001	1.563040e-001
1.191211675873680e-001	1.562306e-001
1.191211851665660e-001	1.562072e-001
1.191212027457640e-001	1.561888e-001
1.191212203249620e-001	1.561754e-001
1.191212379041599e-001	1.561669e-001
1.191212554833579e-001	1.561634e-001
1.191212730625559e-001	1.561650e-001
1.191212906417539e-001	1.561714e-001
1.191237209877349e-001	1.557450e-001
1.191261513337159e-001	1.557768e-001
1.191285816796969e-001	1.562669e-001
1.191310120256779e-001	1.572152e-001
1.191334423716589e-001	1.586219e-001
1.191358727176399e-001	1.604868e-001
1.191383030636209e-001	1.628100e-001
1.191537728594851e-001	1.848244e-001
1.191787194146693e-001	2.401155e-001
1.192064536333044e-001	3.225095e-001
1.192383537323317e-001	4.346855e-001
1.192700287330772e-001	5.538026e-001
1.193056272538624e-001	6.869563e-001
1.193406650587391e-001	8.102089e-001
1.193726120286109e-001	9.111961e-001
1.194066380412012e-001	1.004551e+000
1.194386048040380e-001	1.076823e+000
1.194859211975610e-001	1.156753e+000
1.195527383026784e-001	1.223712e+000
1.196689045246680e-001	1.260354e+000
1.197890217121680e-001	1.236427e+000
1.199091388996680e-001	1.177887e+000
1.200228829018436e-001	1.113800e+000
1.201430000893436e-001	1.048309e+000
1.202631172768436e-001	9.881095e-001
1.203832344643436e-001	9.330099e-001
1.205033516518436e-001	8.820522e-001
1.206234688393436e-001	8.345131e-001
1.207435860268436e-001	7.900614e-001
1.208637032143436e-001	7.486348e-001
1.209838204018436e-001	7.102942e-001
1.211039375893436e-001	6.751313e-001
1.212240547768436e-001	6.432275e-001
1.213441719643436e-001	6.146421e-001
1.214642891518436e-001	5.894133e-001
1.215844063393436e-001	5.675619e-001
1.217045235268437e-001	5.490942e-001
1.218246407143437e-001	5.340040e-001
1.219447579018437e-001	5.222732e-001
1.220648750893437e-001	5.138725e-001
1.221849922768437e-001	5.087613e-001
1.223051094643437e-001	5.068884e-001
1.224252266518437e-001	5.081919e-001
1.225453438393437e-001	5.126001e-001
1.226654610268437e-001	5.200317e-001
1.227855782143437e-001	5.303962e-001
1.229056954018437e-001	5.434507e-001
1.230000000000000e-001	5.552168e-001
