time	V(vout)
0.000000000000000e+000	4.939126e-004
5.535568158861617e-008	4.940123e-004
1.107113631772323e-007	4.940957e-004
1.660670447658485e-007	4.941626e-004
2.214227263544647e-007	4.942132e-004
2.767784079430808e-007	4.942474e-004
3.321340895316970e-007	4.942653e-004
3.874897711203130e-007	4.942667e-004
3.580404499611929e-006	4.926523e-004
6.773319228103545e-006	4.956644e-004
9.966233956595161e-006	5.033031e-004
1.315914868508678e-005	5.155685e-004
1.635206341357839e-005	5.324604e-004
1.954497814207001e-005	5.539790e-004
2.273789287056161e-005	5.801241e-004
3.395657385575880e-005	7.494693e-004
4.642317488932377e-005	1.095402e-003
6.197820495974450e-005	1.829508e-003
8.107343963543465e-005	3.291372e-003
1.070468343645301e-004	6.413378e-003
1.415561812222663e-004	1.263568e-002
1.831175562523018e-004	2.336680e-002
2.357369918146311e-004	4.181045e-002
3.029536799861170e-004	7.222181e-002
4.077421348439429e-004	1.287482e-001
4.810850406140611e-004	1.726130e-001
5.419297029456459e-004	2.109717e-001
6.118944398031554e-004	2.556214e-001
6.782917311652759e-004	2.976479e-001
7.820386953480915e-004	3.616603e-001
9.202784880729478e-004	4.430602e-001
1.115590988072948e-003	5.506132e-001
1.310903488072948e-003	6.494251e-001
1.506215988072948e-003	7.386250e-001
1.701528488072948e-003	8.178847e-001
1.896840988072948e-003	8.868232e-001
2.092153488072948e-003	9.451317e-001
2.287465988072948e-003	9.926189e-001
2.482778488072948e-003	1.029209e+000
2.678090988072948e-003	1.054932e+000
2.873403488072948e-003	1.069918e+000
3.068715988072949e-003	1.074395e+000
3.264028488072949e-003	1.068677e+000
3.459340988072949e-003	1.053167e+000
3.654653488072949e-003	1.028342e+000
3.849965988072949e-003	9.947536e-001
4.045278488072950e-003	9.530132e-001
4.240590988072950e-003	9.037893e-001
4.435903488072950e-003	8.477970e-001
4.631215988072950e-003	7.857904e-001
4.826528488072950e-003	7.185540e-001
5.021840988072950e-003	6.468946e-001
5.217153488072951e-003	5.716325e-001
5.412465988072951e-003	4.935941e-001
5.607778488072951e-003	4.136032e-001
5.803090988072951e-003	3.324741e-001
5.998403488072951e-003	2.510035e-001
6.193715988072951e-003	1.699646e-001
6.389028488072952e-003	9.009987e-002
6.584340988072952e-003	1.211564e-002
6.779653488072952e-003	-6.332349e-002
6.974965988072952e-003	-1.355993e-001
7.170278488072952e-003	-2.041444e-001
7.365590988072952e-003	-2.684454e-001
7.560903488072953e-003	-3.280461e-001
7.756215988072953e-003	-3.825499e-001
7.951528488072953e-003	-4.316214e-001
8.146840988072952e-003	-4.749872e-001
8.342153488072952e-003	-5.124367e-001
8.537465988072951e-003	-5.438217e-001
8.732778488072950e-003	-5.690557e-001
8.928090988072950e-003	-5.881127e-001
9.123403488072949e-003	-6.010253e-001
9.318715988072948e-003	-6.078823e-001
9.514028488072947e-003	-6.088260e-001
9.709340988072947e-003	-6.040496e-001
9.904653488072946e-003	-5.937923e-001
1.009996598807295e-002	-5.783371e-001
1.029527848807295e-002	-5.580056e-001
1.049059098807294e-002	-5.331540e-001
1.068590348807294e-002	-5.041685e-001
1.088121598807294e-002	-4.714610e-001
1.107652848807294e-002	-4.354638e-001
1.127184098807294e-002	-3.966255e-001
1.146715348807294e-002	-3.554058e-001
1.166246598807294e-002	-3.122708e-001
1.185777848807294e-002	-2.676889e-001
1.205309098807294e-002	-2.221258e-001
1.224840348807294e-002	-1.760406e-001
1.244371598807294e-002	-1.298815e-001
1.263902848807294e-002	-8.408235e-002
1.283434098807294e-002	-3.905854e-002
1.302965348807294e-002	4.795800e-003
1.322496598807293e-002	4.711093e-002
1.342027848807293e-002	8.754411e-002
1.361559098807293e-002	1.257819e-001
1.381090348807293e-002	1.615419e-001
1.400621598807293e-002	1.945748e-001
1.420152848807293e-002	2.246650e-001
1.439684098807293e-002	2.516318e-001
1.459215348807293e-002	2.753299e-001
1.478746598807293e-002	2.956495e-001
1.498277848807293e-002	3.125159e-001
1.517809098807293e-002	3.258894e-001
1.537340348807293e-002	3.357642e-001
1.556871598807293e-002	3.421675e-001
1.576402848807293e-002	3.451577e-001
1.595934098807293e-002	3.448234e-001
1.615465348807292e-002	3.412811e-001
1.634996598807292e-002	3.346731e-001
1.654527848807292e-002	3.251657e-001
1.674059098807292e-002	3.129466e-001
1.693590348807292e-002	2.982222e-001
1.713121598807292e-002	2.812155e-001
1.732652848807292e-002	2.621630e-001
1.752184098807292e-002	2.413124e-001
1.771715348807292e-002	2.189196e-001
1.791246598807292e-002	1.952462e-001
1.810777848807292e-002	1.705569e-001
1.830309098807292e-002	1.451168e-001
1.849840348807292e-002	1.191889e-001
1.869371598807292e-002	9.303191e-002
1.888902848807291e-002	6.689771e-002
1.908434098807291e-002	4.102945e-002
1.927965348807291e-002	1.565951e-002
1.947496598807291e-002	-8.992352e-003
1.967027848807291e-002	-3.272055e-002
1.986559098807291e-002	-5.533515e-002
2.006090348807291e-002	-7.666308e-002
2.025621598807291e-002	-9.654920e-002
2.045152848807291e-002	-1.148571e-001
2.064684098807291e-002	-1.314698e-001
2.084215348807291e-002	-1.462900e-001
2.103746598807291e-002	-1.592406e-001
2.123277848807291e-002	-1.702646e-001
2.142809098807291e-002	-1.793247e-001
2.162340348807290e-002	-1.864033e-001
2.181871598807290e-002	-1.915021e-001
2.201402848807290e-002	-1.946538e-001
2.220405150772567e-002	-1.958620e-001
2.239936400772567e-002	-1.952473e-001
2.259467650772567e-002	-1.928450e-001
2.278998900772567e-002	-1.887260e-001
2.298530150772567e-002	-1.829871e-001
2.318061400772567e-002	-1.757371e-001
2.337592650772567e-002	-1.670952e-001
2.357123900772567e-002	-1.571892e-001
2.376655150772567e-002	-1.461547e-001
2.396186400772567e-002	-1.341330e-001
2.415717650772567e-002	-1.212699e-001
2.435248900772567e-002	-1.077140e-001
2.454780150772567e-002	-9.361518e-002
2.474311400772566e-002	-7.912346e-002
2.493842650772566e-002	-6.438728e-002
2.513373900772566e-002	-4.955234e-002
2.532905150772566e-002	-3.476026e-002
2.552436400772566e-002	-2.014744e-002
2.571967650772566e-002	-5.843960e-003
2.591498900772566e-002	8.027442e-003
2.611030150772566e-002	2.135223e-002
2.630561400772566e-002	3.402489e-002
2.650092650772566e-002	4.594956e-002
2.669623900772566e-002	5.704064e-002
2.689155150772566e-002	6.722321e-002
2.708686400772566e-002	7.643338e-002
2.728217650772566e-002	8.461850e-002
2.747748900772565e-002	9.173725e-002
2.767280150772565e-002	9.775967e-002
2.786811400772565e-002	1.026670e-001
2.806342650772565e-002	1.064516e-001
2.825873900772565e-002	1.091164e-001
2.845405150772565e-002	1.106749e-001
2.864936400772565e-002	1.111500e-001
2.884467650772565e-002	1.105745e-001
2.903998900772565e-002	1.089893e-001
2.923530150772565e-002	1.064436e-001
2.943061400772565e-002	1.029939e-001
2.962592650772565e-002	9.870306e-002
2.982123900772565e-002	9.363963e-002
3.001655150772565e-002	8.787704e-002
3.021186400772565e-002	8.149271e-002
3.040717650772564e-002	7.456724e-002
3.060248900772564e-002	6.718344e-002
3.079780150772564e-002	5.942563e-002
3.099311400772564e-002	5.137867e-002
3.118842650772564e-002	4.312725e-002
3.138373900772564e-002	3.475507e-002
3.157905150772564e-002	2.634407e-002
3.177436400772565e-002	1.797377e-002
3.196967650772565e-002	9.720595e-003
3.216498900772565e-002	1.657273e-003
3.236030150772565e-002	-6.147719e-003
3.255561400772566e-002	-1.363064e-002
3.275092650772566e-002	-2.073292e-002
3.294623900772566e-002	-2.740153e-002
3.314155150772567e-002	-3.358927e-002
3.333686400772567e-002	-3.925503e-002
3.353217650772567e-002	-4.436395e-002
3.372748900772567e-002	-4.888752e-002
3.392280150772568e-002	-5.280366e-002
3.411811400772568e-002	-5.609668e-002
3.431342650772568e-002	-5.875719e-002
3.450873900772569e-002	-6.078202e-002
3.470405150772569e-002	-6.217398e-002
3.489936400772569e-002	-6.294171e-002
3.509467650772569e-002	-6.309929e-002
3.528998900772570e-002	-6.266600e-002
3.548530150772570e-002	-6.166596e-002
3.568061400772570e-002	-6.012771e-002
3.587592650772570e-002	-5.808381e-002
3.607123900772571e-002	-5.557040e-002
3.626655150772571e-002	-5.262673e-002
3.646186400772571e-002	-4.929472e-002
3.665717650772572e-002	-4.561844e-002
3.685248900772572e-002	-4.164365e-002
3.704780150772572e-002	-3.741733e-002
3.724311400772572e-002	-3.298716e-002
3.743842650772573e-002	-2.840110e-002
3.763373900772573e-002	-2.370693e-002
3.782905150772573e-002	-1.895176e-002
3.802436400772574e-002	-1.418169e-002
3.821967650772574e-002	-9.441389e-003
3.841498900772574e-002	-4.773699e-003
3.861030150772574e-002	-2.193479e-004
3.880561400772575e-002	4.183379e-003
3.900092650772575e-002	8.398905e-003
3.919623900772575e-002	1.239460e-002
3.939155150772575e-002	1.614098e-002
3.958686400772576e-002	1.961186e-002
3.978217650772576e-002	2.278452e-002
3.997748900772576e-002	2.563974e-002
4.017280150772577e-002	2.816192e-002
4.036811400772577e-002	3.033904e-002
4.056342650772577e-002	3.216269e-002
4.075873900772577e-002	3.362802e-002
4.095405150772578e-002	3.473363e-002
4.114936400772578e-002	3.548151e-002
4.134467650772578e-002	3.587686e-002
4.153998900772579e-002	3.592799e-002
4.173530150772579e-002	3.564606e-002
4.193061400772579e-002	3.504495e-002
4.212592650772579e-002	3.414099e-002
4.232123900772580e-002	3.295276e-002
4.251655150772580e-002	3.150083e-002
4.271186400772580e-002	2.980747e-002
4.290717650772580e-002	2.789645e-002
4.310248900772581e-002	2.579270e-002
4.329780150772581e-002	2.352211e-002
4.349311400772581e-002	2.111119e-002
4.368842650772582e-002	1.858686e-002
4.388373900772582e-002	1.597617e-002
4.407905150772582e-002	1.330602e-002
4.427436400772582e-002	1.060295e-002
4.446967650772583e-002	7.892922e-003
4.466498900772583e-002	5.201050e-003
4.486030150772583e-002	2.551438e-003
4.505561400772584e-002	-3.301765e-005
4.525092650772584e-002	-2.530797e-003
4.544623900772584e-002	-4.921907e-003
4.564155150772584e-002	-7.188013e-003
4.583686400772585e-002	-9.312548e-003
4.603217650772585e-002	-1.128081e-002
4.622748900772585e-002	-1.308002e-002
4.642280150772585e-002	-1.469938e-002
4.661811400772586e-002	-1.613012e-002
4.681342650772586e-002	-1.736547e-002
4.700873900772586e-002	-1.840070e-002
4.720405150772587e-002	-1.923306e-002
4.739936400772587e-002	-1.986175e-002
4.759467650772587e-002	-2.028784e-002
4.778998900772587e-002	-2.051425e-002
4.798530150772588e-002	-2.054558e-002
4.818061400772588e-002	-2.038809e-002
4.837592650772588e-002	-2.004953e-002
4.857123900772589e-002	-1.953904e-002
4.876655150772589e-002	-1.886703e-002
4.896186400772589e-002	-1.804502e-002
4.915717650772589e-002	-1.708550e-002
4.935248900772590e-002	-1.600179e-002
4.954780150772590e-002	-1.480791e-002
4.974311400772590e-002	-1.351837e-002
4.993842650772590e-002	-1.214809e-002
5.013373900772591e-002	-1.071221e-002
5.032905150772591e-002	-9.225953e-003
5.052436400772591e-002	-7.704480e-003
5.071967650772592e-002	-6.162767e-003
5.091498900772592e-002	-4.615469e-003
5.111030150772592e-002	-3.076794e-003
5.130561400772592e-002	-1.560395e-003
5.150092650772593e-002	-7.926353e-005
5.169623900772593e-002	1.354365e-003
5.189155150772593e-002	2.729095e-003
5.208686400772594e-002	4.034448e-003
5.228217650772594e-002	5.260922e-003
5.247748900772594e-002	6.400045e-003
5.267280150772594e-002	7.444419e-003
5.286811400772595e-002	8.387746e-003
5.306342650772595e-002	9.224849e-003
5.325873900772595e-002	9.951680e-003
5.345405150772595e-002	1.056591e-002
5.364548226894205e-002	1.105586e-002
5.384079476894205e-002	1.144075e-002
5.403610726894206e-002	1.171093e-002
5.423141976894206e-002	1.186712e-002
5.442673226894206e-002	1.191159e-002
5.462204476894206e-002	1.184757e-002
5.481735726894207e-002	1.167919e-002
5.501266976894207e-002	1.141136e-002
5.520798226894207e-002	1.104971e-002
5.540329476894208e-002	1.060051e-002
5.559860726894208e-002	1.007064e-002
5.579391976894208e-002	9.467420e-003
5.598923226894208e-002	8.798626e-003
5.618454476894209e-002	8.072337e-003
5.637985726894209e-002	7.296881e-003
5.657516976894209e-002	6.480747e-003
5.677048226894210e-002	5.632509e-003
5.696579476894210e-002	4.760739e-003
5.716110726894210e-002	3.873938e-003
5.735641976894210e-002	2.980460e-003
5.755173226894211e-002	2.088445e-003
5.774704476894211e-002	1.205752e-003
5.794235726894211e-002	3.399023e-004
5.813766976894211e-002	-5.019790e-004
5.833298226894212e-002	-1.313209e-003
5.852829476894212e-002	-2.087592e-003
5.872360726894212e-002	-2.819460e-003
5.891891976894213e-002	-3.503699e-003
5.911423226894213e-002	-4.135782e-003
5.930954476894213e-002	-4.711784e-003
5.950485726894213e-002	-5.228398e-003
5.970016976894214e-002	-5.682945e-003
5.989548226894214e-002	-6.073372e-003
6.009079476894214e-002	-6.398253e-003
6.028610726894215e-002	-6.656781e-003
6.048141976894215e-002	-6.848749e-003
6.067673226894215e-002	-6.974539e-003
6.087204476894215e-002	-7.035094e-003
6.106735726894216e-002	-7.031896e-003
6.126266976894216e-002	-6.966930e-003
6.145798226894216e-002	-6.842654e-003
6.165329476894216e-002	-6.661963e-003
6.184860726894217e-002	-6.428145e-003
6.204391976894217e-002	-6.144847e-003
6.223923226894217e-002	-5.816026e-003
6.243454476894218e-002	-5.445907e-003
6.262985726894217e-002	-5.038940e-003
6.282516976894217e-002	-4.599752e-003
6.302048226894218e-002	-4.133102e-003
6.321579476894218e-002	-3.643840e-003
6.341110726894218e-002	-3.136858e-003
6.360641976894219e-002	-2.617049e-003
6.380173226894219e-002	-2.089267e-003
6.399704476894219e-002	-1.558284e-003
6.419235726894219e-002	-1.028756e-003
6.438766976894220e-002	-5.051842e-004
6.458298226894220e-002	8.115485e-006
6.477829476894220e-002	5.070450e-004
6.497360726894221e-002	9.877504e-004
6.516891976894221e-002	1.446647e-003
6.536423226894221e-002	1.880441e-003
6.555954476894221e-002	2.286147e-003
6.575485726894222e-002	2.661105e-003
6.595016976894222e-002	3.002991e-003
6.614548226894222e-002	3.309827e-003
6.634079476894222e-002	3.579988e-003
6.653610726894223e-002	3.812199e-003
6.673141976894223e-002	4.005544e-003
6.692673226894223e-002	4.159456e-003
6.712204476894224e-002	4.273710e-003
6.731735726894224e-002	4.348423e-003
6.751266976894224e-002	4.384035e-003
6.770798226894224e-002	4.381297e-003
6.790329476894225e-002	4.341260e-003
6.809860726894225e-002	4.265253e-003
6.829391976894225e-002	4.154866e-003
6.848923226894225e-002	4.011930e-003
6.868454476894226e-002	3.838496e-003
6.887985726894226e-002	3.636807e-003
6.907516976894226e-002	3.409282e-003
6.927048226894227e-002	3.158486e-003
6.946579476894227e-002	2.887107e-003
6.966110726894227e-002	2.597931e-003
6.985641976894227e-002	2.293817e-003
7.005173226894228e-002	1.977671e-003
7.024704476894228e-002	1.652424e-003
7.044235726894228e-002	1.321005e-003
7.063766976894229e-002	9.863190e-004
7.083298226894229e-002	6.512250e-004
7.102829476894229e-002	3.185134e-004
7.122360726894229e-002	-9.113582e-006
7.141891976894230e-002	-3.290614e-004
7.161423226894230e-002	-6.388608e-004
7.180954476894230e-002	-9.361844e-004
7.200485726894230e-002	-1.218861e-003
7.220016976894231e-002	-1.484890e-003
7.239548226894231e-002	-1.732451e-003
7.259079476894231e-002	-1.959916e-003
7.278610726894232e-002	-2.165854e-003
7.298141976894232e-002	-2.349043e-003
7.317673226894232e-002	-2.508470e-003
7.337204476894232e-002	-2.643334e-003
7.356735726894233e-002	-2.753052e-003
7.376266976894233e-002	-2.837254e-003
7.395798226894233e-002	-2.895782e-003
7.415329476894234e-002	-2.928687e-003
7.434860726894234e-002	-2.936226e-003
7.454391976894234e-002	-2.918852e-003
7.473923226894234e-002	-2.877210e-003
7.493454476894235e-002	-2.812122e-003
7.512985726894235e-002	-2.724585e-003
7.532516976894235e-002	-2.615754e-003
7.552048226894235e-002	-2.486931e-003
7.571579476894236e-002	-2.339553e-003
7.591110726894236e-002	-2.175178e-003
7.610641976894236e-002	-1.995470e-003
7.630173226894237e-002	-1.802184e-003
7.649704476894237e-002	-1.597152e-003
7.669235726894237e-002	-1.382267e-003
7.688766976894237e-002	-1.159465e-003
7.708298226894238e-002	-9.307124e-004
7.727829476894238e-002	-6.979897e-004
7.747360726894238e-002	-4.632742e-004
7.766891976894239e-002	-2.285263e-004
7.786423226894239e-002	4.325725e-006
7.805954476894239e-002	2.334004e-004
7.825485726894239e-002	4.568763e-004
7.845016976894240e-002	6.730059e-004
7.864548226894240e-002	8.801275e-004
7.884079476894240e-002	1.076677e-003
7.903610726894240e-002	1.261197e-003
7.923141976894241e-002	1.432352e-003
7.942673226894241e-002	1.588928e-003
7.962204476894241e-002	1.729848e-003
7.981735726894242e-002	1.854177e-003
8.001266976894242e-002	1.961123e-003
8.020798226894242e-002	2.050048e-003
8.040329476894242e-002	2.120465e-003
8.059860726894243e-002	2.172042e-003
8.079391976894243e-002	2.204606e-003
8.098923226894243e-002	2.218137e-003
8.118454476894244e-002	2.212769e-003
8.137985726894244e-002	2.188788e-003
8.157516976894244e-002	2.146628e-003
8.177048226894244e-002	2.086864e-003
8.196579476894245e-002	2.010206e-003
8.216110726894245e-002	1.917495e-003
8.235641976894245e-002	1.809692e-003
8.255173226894245e-002	1.687870e-003
8.274704476894246e-002	1.553207e-003
8.294235726894246e-002	1.406970e-003
8.313766976894246e-002	1.250510e-003
8.333298226894247e-002	1.085246e-003
8.352829476894247e-002	9.126579e-004
8.372360726894247e-002	7.342683e-004
8.391891976894247e-002	5.516345e-004
8.411423226894248e-002	3.663338e-004
8.430954476894248e-002	1.799511e-004
8.450485726894248e-002	-5.933933e-006
8.470016976894249e-002	-1.897595e-004
8.489548226894249e-002	-3.700025e-004
8.509012379266817e-002	-5.445843e-004
8.528543629266817e-002	-7.132864e-004
8.548074879266818e-002	-8.741344e-004
8.567606129266818e-002	-1.025817e-003
8.587137379266818e-002	-1.167118e-003
8.606668629266819e-002	-1.296926e-003
8.626199879266819e-002	-1.414234e-003
8.645731129266819e-002	-1.518147e-003
8.665262379266819e-002	-1.607888e-003
8.684793629266820e-002	-1.682805e-003
8.704324879266820e-002	-1.742374e-003
8.723856129266820e-002	-1.786204e-003
8.743387379266820e-002	-1.814039e-003
8.762918629266821e-002	-1.825758e-003
8.782449879266821e-002	-1.821380e-003
8.801981129266821e-002	-1.801057e-003
8.821512379266822e-002	-1.765077e-003
8.841043629266822e-002	-1.713857e-003
8.860574879266822e-002	-1.647944e-003
8.880106129266822e-002	-1.568004e-003
8.899637379266823e-002	-1.474821e-003
8.919168629266823e-002	-1.369285e-003
8.938699879266823e-002	-1.252390e-003
8.958231129266824e-002	-1.125220e-003
8.977762379266824e-002	-9.889407e-004
8.997293629266824e-002	-8.447928e-004
9.016824879266824e-002	-6.940765e-004
9.036356129266825e-002	-5.381428e-004
9.055887379266825e-002	-3.783813e-004
9.075418629266825e-002	-2.162083e-004
9.094949879266825e-002	-5.305449e-005
9.114481129266826e-002	1.096471e-004
9.134012379266826e-002	2.704736e-004
9.153543629266826e-002	4.280244e-004
9.173074879266827e-002	5.809330e-004
9.192606129266827e-002	7.278790e-004
9.212137379266827e-002	8.675988e-004
9.231668629266827e-002	9.988969e-004
9.251199879266828e-002	1.120656e-003
9.270731129266828e-002	1.231845e-003
9.290262379266828e-002	1.331532e-003
9.309793629266829e-002	1.418885e-003
9.329324879266829e-002	1.493187e-003
9.348856129266829e-002	1.553835e-003
9.368387379266829e-002	1.600350e-003
9.387918629266830e-002	1.632379e-003
9.407449879266830e-002	1.649696e-003
9.426981129266830e-002	1.652207e-003
9.446512379266830e-002	1.639948e-003
9.466043629266831e-002	1.613086e-003
9.485574879266831e-002	1.571918e-003
9.505106129266831e-002	1.516864e-003
9.524637379266832e-002	1.448469e-003
9.544168629266832e-002	1.367393e-003
9.563699879266832e-002	1.274407e-003
9.583231129266832e-002	1.170387e-003
9.602762379266833e-002	1.056304e-003
9.622293629266833e-002	9.332167e-004
9.641824879266833e-002	8.022610e-004
9.661356129266834e-002	6.646406e-004
9.680887379266834e-002	5.216159e-004
9.700418629266834e-002	3.744925e-004
9.719949879266834e-002	2.246098e-004
9.739481129266835e-002	7.332868e-005
9.759012379266835e-002	-7.798037e-005
9.778543629266835e-002	-2.279497e-004
9.798074879266835e-002	-3.752266e-004
9.817606129266836e-002	-5.184857e-004
9.837137379266836e-002	-6.564404e-004
9.856668629266836e-002	-7.878546e-004
9.876199879266837e-002	-9.115538e-004
9.895731129266837e-002	-1.026435e-003
9.915262379266837e-002	-1.131479e-003
9.934793629266837e-002	-1.225754e-003
9.954324879266838e-002	-1.308431e-003
9.973856129266838e-002	-1.378786e-003
9.993387379266838e-002	-1.436207e-003
1.001291862926684e-001	-1.480203e-003
1.003244987926684e-001	-1.510405e-003
1.005198112926684e-001	-1.526567e-003
1.007151237926684e-001	-1.528575e-003
1.009104362926684e-001	-1.516443e-003
1.011057487926684e-001	-1.490313e-003
1.013010612926684e-001	-1.450454e-003
1.014963737926684e-001	-1.397261e-003
1.016916862926684e-001	-1.331251e-003
1.018869987926684e-001	-1.253054e-003
1.020823112926684e-001	-1.163413e-003
1.022776237926684e-001	-1.063174e-003
1.024729362926684e-001	-9.532785e-004
1.026682487926684e-001	-8.347560e-004
1.028635612926684e-001	-7.087126e-004
1.030588737926684e-001	-5.763223e-004
1.032541862926684e-001	-4.388155e-004
1.034494987926684e-001	-2.974682e-004
1.036448112926684e-001	-1.535901e-004
1.038401237926684e-001	-8.512141e-006
1.040354362926684e-001	1.364251e-004
1.042307487926684e-001	2.798840e-004
1.044260612926685e-001	4.205423e-004
1.046213737926685e-001	5.571050e-004
1.048166862926685e-001	6.883165e-004
1.050119987926685e-001	8.129718e-004
1.052073112926685e-001	9.299279e-004
1.054026237926685e-001	1.038114e-003
1.055979362926685e-001	1.136542e-003
1.057932487926685e-001	1.224314e-003
1.059885612926685e-001	1.300632e-003
1.061838737926685e-001	1.364806e-003
1.063791862926685e-001	1.416258e-003
1.065744987926685e-001	1.454527e-003
1.067698112926685e-001	1.479276e-003
1.069651237926685e-001	1.490295e-003
1.071604362926685e-001	1.487500e-003
1.073557487926685e-001	1.470933e-003
1.075510612926685e-001	1.440768e-003
1.077463737926685e-001	1.397303e-003
1.079416862926685e-001	1.340958e-003
1.081369987926685e-001	1.272274e-003
1.083323112926685e-001	1.191906e-003
1.085276237926685e-001	1.100616e-003
1.087229362926685e-001	9.992685e-004
1.089182487926685e-001	8.888198e-004
1.091135612926685e-001	7.703102e-004
1.093088737926685e-001	6.448545e-004
1.095041862926685e-001	5.136311e-004
1.096994987926685e-001	3.778713e-004
1.098948112926685e-001	2.388476e-004
1.100901237926685e-001	9.786229e-005
1.102854362926685e-001	-4.376539e-005
1.104807487926685e-001	-1.847110e-004
1.106760612926685e-001	-3.236574e-004
1.108713737926685e-001	-4.593072e-004
1.110666862926685e-001	-5.903945e-004
1.112619987926685e-001	-7.156971e-004
1.114573112926686e-001	-8.340477e-004
1.116526237926686e-001	-9.443445e-004
1.118479362926686e-001	-1.045562e-003
1.120432487926686e-001	-1.136760e-003
1.122385612926686e-001	-1.217094e-003
1.124338737926686e-001	-1.285819e-003
1.126291862926686e-001	-1.342302e-003
1.128244987926686e-001	-1.386023e-003
1.130198112926686e-001	-1.416582e-003
1.132151237926686e-001	-1.433705e-003
1.134104362926686e-001	-1.437241e-003
1.136057487926686e-001	-1.427167e-003
1.138010612926686e-001	-1.403590e-003
1.139963737926686e-001	-1.366740e-003
1.141916862926686e-001	-1.316975e-003
1.143869987926686e-001	-1.254771e-003
1.145823112926686e-001	-1.180722e-003
1.147776237926686e-001	-1.095533e-003
1.149729362926686e-001	-1.000012e-003
1.151682487926686e-001	-8.950656e-004
1.153635612926686e-001	-7.816864e-004
1.155588737926686e-001	-6.609468e-004
1.157541862926686e-001	-5.339879e-004
1.159494987926686e-001	-4.020082e-004
1.161448112926686e-001	-2.662534e-004
1.163401237926686e-001	-1.280036e-004
1.165354362926686e-001	1.143783e-005
1.167307487926686e-001	1.507572e-004
1.169260612926686e-001	2.886423e-004
1.171213737926686e-001	4.237952e-004
1.173166862926686e-001	5.549442e-004
1.175119987926686e-001	6.808558e-004
1.177073112926686e-001	8.003464e-004
1.179026237926686e-001	9.122932e-004
1.180979362926686e-001	1.015645e-003
1.182932487926686e-001	1.109432e-003
1.184885612926687e-001	1.192776e-003
1.186838737926687e-001	1.264895e-003
1.188791862926687e-001	1.325115e-003
1.190744987926687e-001	1.372874e-003
1.192698112926687e-001	1.407728e-003
1.194651237926687e-001	1.429355e-003
1.196604362926687e-001	1.437556e-003
1.198557487926687e-001	1.432262e-003
1.200510612926687e-001	1.413528e-003
1.202463737926687e-001	1.381538e-003
1.204416862926687e-001	1.336599e-003
1.206369987926687e-001	1.279144e-003
1.208323112926687e-001	1.209718e-003
1.210276237926687e-001	1.128985e-003
1.212229362926687e-001	1.037712e-003
1.214182487926687e-001	9.367646e-004
1.216135612926687e-001	8.271025e-004
1.218088737926687e-001	7.097652e-004
1.220041862926687e-001	5.858652e-004
1.221994987926687e-001	4.565761e-004
1.223948112926687e-001	3.231228e-004
1.225901237926687e-001	1.867686e-004
1.227854362926687e-001	4.880402e-005
1.229807487926687e-001	-8.946542e-005
1.231760612926687e-001	-2.267318e-004
1.233713737926687e-001	-3.616972e-004
1.235666862926687e-001	-4.930854e-004
1.237619987926687e-001	-6.196548e-004
1.239573112926687e-001	-7.402094e-004
1.241526237926687e-001	-8.536106e-004
1.243479362926687e-001	-9.587875e-004
1.245432487926687e-001	-1.054747e-003
1.247385612926687e-001	-1.140585e-003
1.249338737926687e-001	-1.215492e-003
1.251291862926687e-001	-1.278761e-003
1.253244987926687e-001	-1.329798e-003
1.255198112926687e-001	-1.368124e-003
1.257151237926687e-001	-1.393378e-003
1.259104362926687e-001	-1.405327e-003
1.261057487926687e-001	-1.403860e-003
1.263010612926687e-001	-1.388996e-003
1.264963737926687e-001	-1.360880e-003
1.266916862926686e-001	-1.319781e-003
1.268869987926686e-001	-1.266092e-003
1.270823112926686e-001	-1.200326e-003
1.272776237926686e-001	-1.123108e-003
1.274729362926686e-001	-1.035175e-003
1.276682487926686e-001	-9.373610e-004
1.278635612926686e-001	-8.305967e-004
1.280588737926686e-001	-7.158957e-004
1.282541862926686e-001	-5.943473e-004
1.284494987926685e-001	-4.671053e-004
1.286448112926685e-001	-3.353773e-004
1.288401237926685e-001	-2.004130e-004
1.290354362926685e-001	-6.349265e-005
1.292307487926685e-001	7.408508e-005
1.294260612926685e-001	2.110157e-004
1.296213737926685e-001	3.460009e-004
1.298166862926685e-001	4.777612e-004
1.300119987926685e-001	6.050478e-004
1.302073112926684e-001	7.266546e-004
1.304026237926684e-001	8.414295e-004
1.305979362926684e-001	9.482853e-004
1.307932487926684e-001	1.046210e-003
1.309885612926684e-001	1.134277e-003
1.311838737926684e-001	1.211652e-003
1.313791862926684e-001	1.277605e-003
1.315744987926684e-001	1.331510e-003
1.317698112926684e-001	1.372859e-003
1.319651237926683e-001	1.401263e-003
1.321604362926683e-001	1.416454e-003
1.323557487926683e-001	1.418290e-003
1.325510612926683e-001	1.406756e-003
1.327463737926683e-001	1.381965e-003
1.329416862926683e-001	1.344153e-003
1.331369987926683e-001	1.293682e-003
1.333323112926683e-001	1.231032e-003
1.335276237926683e-001	1.156801e-003
1.337229362926682e-001	1.071695e-003
1.339182487926682e-001	9.765239e-004
1.341135612926682e-001	8.721915e-004
1.343088737926682e-001	7.596902e-004
1.345041862926682e-001	6.400892e-004
1.346994987926682e-001	5.145248e-004
1.348948112926682e-001	3.841900e-004
1.350901237926682e-001	2.503227e-004
1.352854362926682e-001	1.141944e-004
1.354807487926681e-001	-2.290230e-005
1.356760612926681e-001	-1.596655e-004
1.358713737926681e-001	-2.947968e-004
1.360666862926681e-001	-4.270133e-004
1.362619987926681e-001	-5.550599e-004
1.364573112926681e-001	-6.777215e-004
1.366526237926681e-001	-7.938339e-004
1.368479362926681e-001	-9.022952e-004
1.370432487926681e-001	-1.002077e-003
1.372385612926680e-001	-1.092232e-003
1.374338737926680e-001	-1.171905e-003
1.376291862926680e-001	-1.240341e-003
1.378244987926680e-001	-1.296892e-003
1.380198112926680e-001	-1.341022e-003
1.382151237926680e-001	-1.372312e-003
1.384104362926680e-001	-1.390468e-003
1.386057487926680e-001	-1.395318e-003
1.388010612926680e-001	-1.386817e-003
1.389963737926679e-001	-1.365049e-003
1.391916862926679e-001	-1.330220e-003
1.393869987926679e-001	-1.282663e-003
1.395823112926679e-001	-1.222832e-003
1.397776237926679e-001	-1.151295e-003
1.399729362926679e-001	-1.068734e-003
1.401682487926679e-001	-9.759340e-004
1.403635612926679e-001	-8.737774e-004
1.405588737926679e-001	-7.632358e-004
1.407541862926678e-001	-6.453602e-004
1.409494987926678e-001	-5.212710e-004
1.411448112926678e-001	-3.921479e-004
1.413401237926678e-001	-2.592181e-004
1.415354362926678e-001	-1.237449e-004
1.417307487926678e-001	1.298419e-005
1.419260612926678e-001	1.496700e-004
1.421213737926678e-001	2.850138e-004
1.423166862926678e-001	4.177296e-004
1.425119987926677e-001	5.465566e-004
1.427073112926677e-001	6.702709e-004
1.429026237926677e-001	7.876974e-004
1.430979362926677e-001	8.977206e-004
1.432932487926677e-001	9.992956e-004
1.434885612926677e-001	1.091458e-003
1.436838737926677e-001	1.173332e-003
1.438791862926677e-001	1.244141e-003
1.440744987926677e-001	1.303213e-003
1.442698112926676e-001	1.349986e-003
1.444651237926676e-001	1.384018e-003
1.446604362926676e-001	1.404986e-003
1.448557487926676e-001	1.412691e-003
1.450510612926676e-001	1.407061e-003
1.452463737926676e-001	1.388151e-003
1.454416862926676e-001	1.356141e-003
1.456369987926676e-001	1.311335e-003
1.458323112926676e-001	1.254162e-003
1.460276237926675e-001	1.185164e-003
1.462229362926675e-001	1.104999e-003
1.464182487926675e-001	1.014428e-003
1.466135612926675e-001	9.143142e-004
1.468088737926675e-001	8.056087e-004
1.470041862926675e-001	6.893455e-004
1.471994987926675e-001	5.666301e-004
1.473948112926675e-001	4.386293e-004
1.475901237926675e-001	3.065600e-004
1.477854362926674e-001	1.716780e-004
1.479807487926674e-001	3.526534e-005
1.481760612926674e-001	-1.013811e-004
1.483713737926674e-001	-2.369623e-004
1.485666862926674e-001	-3.701896e-004
1.487619987926674e-001	-4.997966e-004
1.489573112926674e-001	-6.245515e-004
1.491526237926674e-001	-7.432685e-004
1.493479362926674e-001	-8.548195e-004
1.495432487926673e-001	-9.581442e-004
1.497385612926673e-001	-1.052261e-003
1.499338737926673e-001	-1.136275e-003
1.501291862926673e-001	-1.209388e-003
1.503244987926673e-001	-1.270907e-003
1.505198112926673e-001	-1.320246e-003
1.507151237926673e-001	-1.356936e-003
1.509104362926673e-001	-1.380630e-003
1.511057487926673e-001	-1.391103e-003
1.513010612926672e-001	-1.388256e-003
1.514963737926672e-001	-1.372116e-003
1.516916862926672e-001	-1.342838e-003
1.518869987926672e-001	-1.300699e-003
1.520823112926672e-001	-1.246102e-003
1.522776237926672e-001	-1.179566e-003
1.524729362926672e-001	-1.101724e-003
1.526682487926672e-001	-1.013315e-003
1.528635612926672e-001	-9.151824e-004
1.530588737926671e-001	-8.082580e-004
1.532541862926671e-001	-6.935590e-004
1.534494987926671e-001	-5.721762e-004
1.536448112926671e-001	-4.452639e-004
1.538401237926671e-001	-3.140289e-004
1.540354362926671e-001	-1.797191e-004
1.542307487926671e-001	-4.361166e-005
1.544260612926671e-001	9.299934e-005
1.546213737926671e-001	2.288150e-004
1.548166862926670e-001	3.625439e-004
1.550119987926670e-001	4.929147e-004
1.552073112926670e-001	6.186879e-004
1.554026237926670e-001	7.386677e-004
1.555979362926670e-001	8.517135e-004
1.557932487926670e-001	9.567507e-004
1.559885612926670e-001	1.052781e-003
1.561838737926670e-001	1.138891e-003
1.563791862926670e-001	1.214262e-003
1.565744987926669e-001	1.278179e-003
1.567698112926669e-001	1.330033e-003
1.569651237926669e-001	1.369332e-003
1.571604362926669e-001	1.395702e-003
1.573557487926669e-001	1.408894e-003
1.575510612926669e-001	1.408781e-003
1.577463737926669e-001	1.395366e-003
1.579416862926669e-001	1.368776e-003
1.581369987926669e-001	1.329264e-003
1.583323112926668e-001	1.277207e-003
1.585276237926668e-001	1.213099e-003
1.587229362926668e-001	1.137550e-003
1.589182487926668e-001	1.051280e-003
1.591135612926668e-001	9.551082e-004
1.593088737926668e-001	8.499498e-004
1.595041862926668e-001	7.368049e-004
1.596994987926668e-001	6.167495e-004
1.598948112926668e-001	4.909253e-004
1.600901237926667e-001	3.605289e-004
1.602854362926667e-001	2.268004e-004
1.604807487926667e-001	9.101151e-005
1.606760612926667e-001	-4.554655e-005
1.608713737926667e-001	-1.815752e-004
1.610666862926667e-001	-3.157809e-004
1.612619987926667e-001	-4.468875e-004
1.614573112926667e-001	-5.736483e-004
1.616526237926667e-001	-6.948580e-004
1.618479362926666e-001	-8.093641e-004
1.620432487926666e-001	-9.160778e-004
1.622385612926666e-001	-1.013984e-003
1.624338737926666e-001	-1.102153e-003
1.626291862926666e-001	-1.179745e-003
1.628244987926666e-001	-1.246024e-003
1.630198112926666e-001	-1.300358e-003
1.632151237926666e-001	-1.342232e-003
1.634104362926666e-001	-1.371248e-003
1.636057487926665e-001	-1.387129e-003
1.638010612926665e-001	-1.389725e-003
1.639963737926665e-001	-1.379011e-003
1.641916862926665e-001	-1.355090e-003
1.643869987926665e-001	-1.318188e-003
1.645823112926665e-001	-1.268658e-003
1.647776237926665e-001	-1.206971e-003
1.649729362926665e-001	-1.133712e-003
1.651682487926665e-001	-1.049579e-003
1.653635612926664e-001	-9.553728e-004
1.655588737926664e-001	-8.519884e-004
1.657541862926664e-001	-7.404096e-004
1.659494987926664e-001	-6.216973e-004
1.661448112926664e-001	-4.969807e-004
1.663401237926664e-001	-3.674457e-004
1.665354362926664e-001	-2.343244e-004
1.667307487926664e-001	-9.888270e-005
1.669260612926664e-001	3.759131e-005
1.671213737926663e-001	1.737998e-004
1.673166862926663e-001	3.084474e-004
1.675119987926663e-001	4.402537e-004
1.677073112926663e-001	5.679652e-004
1.679026237926663e-001	6.903675e-004
1.680979362926663e-001	8.062965e-004
1.682932487926663e-001	9.146499e-004
1.684885612926663e-001	1.014397e-003
1.686838737926663e-001	1.104590e-003
1.688791862926662e-001	1.184371e-003
1.690744987926662e-001	1.252981e-003
1.692698112926662e-001	1.309768e-003
1.694651237926662e-001	1.354191e-003
1.696604362926662e-001	1.385829e-003
1.698557487926662e-001	1.404381e-003
1.700510612926662e-001	1.409671e-003
1.702463737926662e-001	1.401647e-003
1.704416862926662e-001	1.380388e-003
1.706369987926661e-001	1.346094e-003
1.708323112926661e-001	1.299092e-003
1.710276237926661e-001	1.239830e-003
1.712229362926661e-001	1.168871e-003
1.714182487926661e-001	1.086889e-003
1.716135612926661e-001	9.946654e-004
1.718088737926661e-001	8.930764e-004
1.720041862926661e-001	7.830883e-004
1.721994987926661e-001	6.657472e-004
1.723948112926660e-001	5.421690e-004
1.725901237926660e-001	4.135292e-004
1.727854362926660e-001	2.810510e-004
1.729807487926660e-001	1.459945e-004
1.731760612926660e-001	9.644114e-006
1.733713737926660e-001	-1.267035e-004
1.735666862926660e-001	-2.617517e-004
1.737619987926660e-001	-3.942160e-004
1.739573112926660e-001	-5.228368e-004
1.741526237926659e-001	-6.463908e-004
1.743479362926659e-001	-7.637030e-004
1.745432487926659e-001	-8.736579e-004
1.747385612926659e-001	-9.752096e-004
1.749338737926659e-001	-1.067393e-003
1.751291862926659e-001	-1.149330e-003
1.753244987926659e-001	-1.220243e-003
1.755198112926659e-001	-1.279457e-003
1.757151237926659e-001	-1.326409e-003
1.759104362926658e-001	-1.360653e-003
1.761057487926658e-001	-1.381862e-003
1.763010612926658e-001	-1.389835e-003
1.764963737926658e-001	-1.384497e-003
1.766916862926658e-001	-1.365899e-003
1.768869987926658e-001	-1.334216e-003
1.770823112926658e-001	-1.289751e-003
1.772776237926658e-001	-1.232927e-003
1.774729362926658e-001	-1.164284e-003
1.776682487926657e-001	-1.084474e-003
1.778635612926657e-001	-9.942581e-004
1.780588737926657e-001	-8.944927e-004
1.782541862926657e-001	-7.861272e-004
1.784494987926657e-001	-6.701921e-004
1.786448112926657e-001	-5.477902e-004
1.788401237926657e-001	-4.200855e-004
1.790354362926657e-001	-2.882926e-004
1.792307487926657e-001	-1.536648e-004
1.794260612926656e-001	-1.748260e-005
1.796213737926656e-001	1.189589e-004
1.798166862926656e-001	2.543621e-004
1.800119987926656e-001	3.874392e-004
1.802073112926656e-001	5.169245e-004
1.804026237926656e-001	6.415868e-004
1.805979362926656e-001	7.602404e-004
1.807932487926656e-001	8.717569e-004
1.809885612926656e-001	9.750756e-004
1.811838737926655e-001	1.069214e-003
1.813791862926655e-001	1.153277e-003
1.815744987926655e-001	1.226465e-003
1.817698112926655e-001	1.288082e-003
1.819651237926655e-001	1.337542e-003
1.821604362926655e-001	1.374375e-003
1.823557487926655e-001	1.398230e-003
1.825510612926655e-001	1.408881e-003
1.827463737926655e-001	1.406226e-003
1.829416862926654e-001	1.390291e-003
1.831369987926654e-001	1.361227e-003
1.833323112926654e-001	1.319311e-003
1.835276237926654e-001	1.264940e-003
1.837229362926654e-001	1.198634e-003
1.839182487926654e-001	1.121021e-003
1.841135612926654e-001	1.032841e-003
1.843088737926654e-001	9.349319e-004
1.845041862926654e-001	8.282248e-004
1.846994987926653e-001	7.137346e-004
1.848948112926653e-001	5.925503e-004
1.850901237926653e-001	4.658244e-004
1.852854362926653e-001	3.347621e-004
1.854807487926653e-001	2.006099e-004
1.856760612926653e-001	6.464370e-005
1.858713737926653e-001	-7.184341e-005
1.860666862926653e-001	-2.075534e-004
1.862619987926653e-001	-3.411955e-004
1.864573112926652e-001	-4.714988e-004
1.866526237926652e-001	-5.972240e-004
1.868479362926652e-001	-7.171754e-004
1.870432487926652e-001	-8.302123e-004
1.872385612926652e-001	-9.352595e-004
1.874338737926652e-001	-1.031318e-003
1.876291862926652e-001	-1.117475e-003
1.878244987926652e-001	-1.192909e-003
1.880198112926652e-001	-1.256905e-003
1.882151237926651e-001	-1.308854e-003
1.884104362926651e-001	-1.348260e-003
1.886057487926651e-001	-1.374751e-003
1.888010612926651e-001	-1.388073e-003
1.889963737926651e-001	-1.388100e-003
1.891916862926651e-001	-1.374832e-003
1.893869987926651e-001	-1.348394e-003
1.895823112926651e-001	-1.309040e-003
1.897776237926651e-001	-1.257142e-003
1.899729362926650e-001	-1.193194e-003
1.901682487926650e-001	-1.117805e-003
1.903635612926650e-001	-1.031692e-003
1.905588737926650e-001	-9.356727e-004
1.907541862926650e-001	-8.306616e-004
1.909494987926650e-001	-7.176570e-004
1.911448112926650e-001	-5.977337e-004
1.913401237926650e-001	-4.720321e-004
1.915354362926650e-001	-3.417478e-004
1.917307487926649e-001	-2.081200e-004
1.919260612926649e-001	-7.241938e-005
1.921213737926649e-001	6.406334e-005
1.923166862926649e-001	2.000302e-004
1.925119987926649e-001	3.341880e-004
1.927073112926649e-001	4.652609e-004
1.929026237926649e-001	5.920022e-004
1.930979362926649e-001	7.132067e-004
1.932932487926649e-001	8.277216e-004
1.934885612926648e-001	9.344578e-004
1.936838737926648e-001	1.032400e-003
1.938791862926648e-001	1.120617e-003
1.940744987926648e-001	1.198270e-003
1.942698112926648e-001	1.264620e-003
1.944651237926648e-001	1.319036e-003
1.946604362926648e-001	1.361001e-003
1.948557487926648e-001	1.390116e-003
1.950510612926648e-001	1.406103e-003
1.952463737926647e-001	1.408810e-003
1.954416862926647e-001	1.398213e-003
1.956369987926647e-001	1.374412e-003
1.958323112926647e-001	1.337632e-003
1.960276237926647e-001	1.288225e-003
1.962229362926647e-001	1.226659e-003
1.964182487926647e-001	1.153521e-003
1.966135612926647e-001	1.069505e-003
1.968088737926647e-001	9.754116e-004
1.970041862926646e-001	8.721350e-004
1.971994987926646e-001	7.606576e-004
1.973948112926646e-001	6.420395e-004
1.975901237926646e-001	5.174089e-004
1.977854362926646e-001	3.879511e-004
1.979807487926646e-001	2.548974e-004
1.981760612926646e-001	1.195130e-004
1.983713737926646e-001	-1.691428e-005
1.985666862926646e-001	-1.530870e-004
1.987619987926645e-001	-2.877102e-004
1.989573112926645e-001	-4.195033e-004
1.991526237926645e-001	-5.472131e-004
1.993479362926645e-001	-6.696248e-004
1.995432487926645e-001	-7.855744e-004
1.997385612926645e-001	-8.939590e-004
1.999338737926645e-001	-9.957426e-004
2.000000000000000e-001	-1.#IND00e+000
